0.5000000000000003
0.005 0.6095708977539653 0.6095709072963091
0.01 0.6126263750040662 0.6126263941844159
0.015 0.615697167849544 0.6156971967642849
0.02 0.618783353059905 0.6187833918061406
0.025 0.6218850077894738 0.6218850564650199
0.03 0.6250022095792653 0.6250022682827006
0.035 0.6281350363589341 0.6281351051896407
0.04 0.6312835664489268 0.6312836455069257
0.045 0.6344478785624118 0.634447967948228
0.05 0.6376280518065439 0.6376281516217731
0.055 0.6408241656844451 0.6408242760323185
0.06 0.6440363000994298 0.6440364210831412
0.065 0.6472645353574896 0.6472646670780344
0.07 0.6505089521626553 0.6505090947233163
0.075 0.6537696316156343 0.6537697851298471
0.08 0.6570466552339937 0.6570468198150565
0.085 0.6603401049702377 0.6603402807049826
0.09 0.6636500631693798 0.6636502501363192
0.095 0.6669766125087251 0.6669768108584742
0.1 0.670319836092399 0.6703200460356391
0.105 0.6736798176616596 0.6736800392488674
0.11 0.6770566414581829 0.6770568744981644
0.115 0.680450391618913 0.6804506362045875
0.12 0.6838611522000223 0.6838614092123556
0.125 0.6872890087077059 0.687289278790972
0.13 0.6907340489513999 0.6907343306373545
0.135 0.694196359858433 0.6941966508779787
0.14 0.6976760233999685 0.6976763260710308
0.145 0.7011731214248167 0.7011734432085722
0.15 0.7046877484782115 0.7046880897187132
0.155 0.7082200097581621 0.7082203534677998
0.16 0.7117699905089748 0.7117703227626095
0.165 0.7153377375847272 0.7153380863525597
0.17 0.7189233129459683 0.718923733431926
0.17500000000000002 0.7225268765265146 0.722527353642072
0.18 0.7261486384522992 0.7261490370736907
0.185 0.7297886423850604 0.7297888742690566
0.19 0.7334466800835489 0.733446956224289
0.195 0.7371226666729008 0.7371233743916275
0.2 0.7408171535847162 0.7408182206817177
0.20500000000000002 0.7445310393242734 0.7445315874659091
0.21 0.7482642705971528 0.7482635675785649
0.215 0.7520151687418489 0.7520142543193824
0.22 0.7557823079236641 0.7557837414557252
0.225 0.7595676883386778 0.7595721232249683
0.23 0.7633763832760434 0.7633794943368529
0.23500000000000001 0.7672102021898387 0.7672059499758555
0.24 0.7710616681892979 0.771051585803566
0.245 0.774919191622597 0.7749164979610806
0.25 0.778783627396782 0.7788007830714047
0.255 0.7826773642378062 0.7827045382418679
0.26 0.7866252935640495 0.7866278610665531
0.265 0.7906171859539075 0.7905708496287353
0.27 0.7945968169987925 0.7945336025033337
0.275 0.7985131699512262 0.7985162187593768
0.28 0.8023998626043656 0.8025187979624783
0.28500000000000003 0.8063864478726626 0.8065414401773267
0.29 0.8105822956427157 0.8105842459701869
0.295 0.8149139311805843 0.8146473164114143
0.3 0.8191052663035344 0.8187307530779816
0.305 0.8229082728088293 0.8228346580560181
0.31 0.8264313812452795 0.8269591339433621
0.315 0.8302150732578102 0.8311042838521254
0.32 0.834835652318154 0.8352702114112718
0.325 0.8402634958989038 0.8394570207692071
0.33 0.8455789960833927 0.8436648165963834
0.335 0.8495148323635614 0.8478937040879155
0.34 0.8516087641535615 0.8521437889662111
0.34500000000000003 0.8530440989433447 0.8564151774836133
0.35000000000000003 0.8562309251149067 0.8607079764250576
0.355 0.8630638924195038 0.865022293110741
0.36 0.8729948640490944 0.8693582353988055
0.365 0.8825633435470748 0.8737159116880341
0.37 0.887229246501396 0.8780954309205611
0.375 0.8846612596546017 0.8824969025845951
0.38 0.8772743718562792 0.8869204367171573
0.385 0.8719147678229697 0.8913661439068311
0.39 0.8762878392809169 0.895834135296528
0.395 0.8939582853142866 0.9003245225862653
0.4 0.9209906900418431 0.9048374180359593
0.405 0.9466232167614439 0.9093729344682311
0.41000000000000003 0.9581138319894913 0.913931185271228
0.41500000000000004 0.9474353742675515 0.918512284401457
0.42 0.9163114291395495 0.9231163463866354
0.425 0.8768536184989053 0.9277434863285525
0.43 0.8472884783577106 0.9323938199059479
0.435 0.8446736169071332 0.9370674633774031
0.44 0.8778421896474217 0.9417645335842484
0.445 0.9435249688822698 0.9464851479534836
0.45 1.0270136064643804 0.9512294245007137
0.455 1.1067546010027693 0.9559974818330996
0.46 1.1608316255341864 0.960789439152323
0.465 1.1729111877660612 0.9656054162575661
0.47000000000000003 1.1358367918177736 0.9704455335485079
0.47500000000000003 1.0521999963330593 0.9753099120283324
0.48 0.932331659109702 0.9801986733067549
0.485 0.7908431078126356 0.9851119396030623
0.49 0.6429817152774915 0.9900498337491677
0.495 0.5017655378023287 0.995012479192682
0.5 0.37636231159009803 0.9999999999999997
0.505 0.27170467973560136 0.0
0.51 0.18902375882439487 0.0
0.515 0.12687088503067792 0.0
0.52 0.08224078990322584 0.0
0.525 0.05153512942806897 0.0
0.53 0.031245115582779648 0.0
0.535 0.018342549661159703 0.0
0.54 0.010433736900189313 0.0
0.545 0.005754363953734459 0.0
0.55 0.0030787926836206444 0.0
0.555 0.0015988730494410877 0.0
0.56 0.000806308641076212 0.0
0.5650000000000001 0.0003950267255627915 0.0
0.5700000000000001 0.000188085774896211 0.0
0.5750000000000001 0.00008706431781193502 0.0
0.58 0.00003919359214550098 0.0
0.585 0.000017163385496582848 0.0
0.59 0.000007313308412198321 0.0
0.595 0.000003032818568857469 0.0
0.6 0.0000012243018491159803 0.0
0.605 0.0000004811916764893096 0.0
0.61 0.00000018416365439226556 0.0
0.615 0.0000000686445241349229 0.0
0.62 0.00000002492158755248413 0.0
0.625 0.000000008813677881958384 0.0
0.63 0.0000000030365936023156008 0.0
0.635 0.0000000010192798071558127 0.0
0.64 0.000000000333349475441704 0.0
0.645 0.00000000010622371334337424 0.0
0.65 0.00000000003298130687950214 0.0
0.655 0.000000000009977965925720114 0.0
0.66 0.0000000000029413110727604787 0.0
0.665 0.0000000000008448035466663925 0.0
0.67 0.0000000000002364130791319471 0.0
0.675 0.00000000000006445663650696868 0.0
0.68 0.00000000000001712055190947788 0.0
0.685 0.000000000000004429857396957622 0.0
0.6900000000000001 0.000000000000001116466637598371 0.0
0.6950000000000001 0.0000000000000002740578108106946 0.0
0.7000000000000001 0.00000000000000006551333060937372 0.0
0.705 0.000000000000000015249409445008354 0.0
0.71 0.0000000000000000034558198726012664 0.0
0.715 0.0000000000000000007623541249658931 0.0
0.72 0.0000000000000000001636804154573379 0.0
0.725 0.00000000000000000003419726988842471 0.0
0.73 0.000000000000000000006951121991386776 0.0
0.735 0.0000000000000000000013743410464442653 0.0
0.74 0.000000000000000000000264247441222676 0.0
0.745 0.000000000000000000000049396614299343475 0.0
0.75 0.00000000000000000000000897511040815163 0.0
0.755 0.0000000000000000000000015845906980601493 0.0
0.76 0.0000000000000000000000002717687875262433 0.0
0.765 0.000000000000000000000000045263629123224844 0.0
0.77 0.000000000000000000000000007318463192096501 0.0
0.775 0.0000000000000000000000000011482999881634996 0.0
0.78 0.00000000000000000000000000017477942917876062 0.0
0.785 0.00000000000000000000000000002579580505069205 0.0
0.79 0.0000000000000000000000000000036901598382891546 0.0
0.795 0.0000000000000000000000000000005114234369327315 0.0
0.8 0.00000000000000000000000000000006863494083758732 0.0
0.805 0.000000000000000000000000000000008914888439977391 0.0
0.81 0.0000000000000000000000000000000011200966460158491 0.0
0.8150000000000001 0.00000000000000000000000000000000013605422969334964 0.0
0.8200000000000001 0.000000000000000000000000000000000015966789774211712 0.0
0.8250000000000001 0.0000000000000000000000000000000000018092017540211927 0.0
0.8300000000000001 0.0000000000000000000000000000000000001977955275447646 0.0
0.835 0.000000000000000000000000000000000000020848851426179482 0.0
0.84 0.0000000000000000000000000000000000000021170849958958515 0.0
0.845 0.00000000000000000000000000000000000000020692619555511103 0.0
0.85 0.000000000000000000000000000000000000000019449939212546133 0.0
0.855 0.0000000000000000000000000000000000000000017563973589509673 0.0
0.86 0.00000000000000000000000000000000000000000015222079142051613 0.0
0.865 0.000000000000000000000000000000000000000000012646848781325 0.0
0.87 0.0000000000000000000000000000000000000000000010060514165301704 0.0
0.875 0.00000000000000000000000000000000000000000000007652749784021494 0.0
0.88 0.000000000000000000000000000000000000000000000005558492769969959 0.0
0.885 0.00000000000000000000000000000000000000000000000038491823757657645 0.0
0.89 0.00000000000000000000000000000000000000000000000002537008249409232 0.0
0.895 0.0000000000000000000000000000000000000000000000000015886187504579548 0.0
0.9 0.00000000000000000000000000000000000000000000000000009431644973914613 0.0
0.905 0.000000000000000000000000000000000000000000000000000005297397831167061 0.0
0.91 0.0000000000000000000000000000000000000000000000000000002807895533447839 0.0
0.915 0.000000000000000000000000000000000000000000000000000000014007490298765916 0.0
0.92 0.0000000000000000000000000000000000000000000000000000000006556625473902073 0.0
0.925 0.00000000000000000000000000000000000000000000000000000000002869838572533089 0.0
0.93 0.0000000000000000000000000000000000000000000000000000000000011700736152351966 0.0
0.935 0.000000000000000000000000000000000000000000000000000000000000044241926792405345 0.0
0.9400000000000001 0.00000000000000000000000000000000000000000000000000000000000000154354465319403 0.0
0.9450000000000001 0.00000000000000000000000000000000000000000000000000000000000000004939825006266764 0.0
0.9500000000000001 0.0000000000000000000000000000000000000000000000000000000000000000014401397897403762 0.0
0.9550000000000001 0.000000000000000000000000000000000000000000000000000000000000000000037932719192002674 0.0
0.96 0.0000000000000000000000000000000000000000000000000000000000000000000008937047519731302 0.0
0.965 0.000000000000000000000000000000000000000000000000000000000000000000000018602397128466618 0.0
0.97 0.000000000000000000000000000000000000000000000000000000000000000000000000336757908960262 0.0
0.975 0.000000000000000000000000000000000000000000000000000000000000000000000000005194028501654378 0.0
0.98 0.00000000000000000000000000000000000000000000000000000000000000000000000000006636088481505982 0.0
0.985 0.0000000000000000000000000000000000000000000000000000000000000000000000000000006742646899831389 0.0
0.99 0.000000000000000000000000000000000000000000000000000000000000000000000000000000005107965332697475 0.0
0.995 0.000000000000000000000000000000000000000000000000000000000000000000000000000000000025646584818890845 0.0
1.0 0.00000000000000000000000000000000000000000000000000000000000000000000000000000000000006401084282411871 0.0
