x t=0.0001 t=0.001 t=0.01 t=0.1 t=1.0 
0.001 0.000000000000000000000000000000000000000000000000000000000000000000000000000000000000000000000000000000007597968230867899 0.00000000000000009157527297786041 0.00817281858442676 0.24325908975653865 0.25200000000248407 
0.003 0.00000000000000000000000000000000000000000000000000000000000000000000000000000000000000000000000000000005076059782898092 0.00000000000000010411849036269689 0.008185563513157652 0.2432604700267014 0.25200000000248407 
0.005 0.0000000000000000000000000000000000000000000000000000000000000000000000000000000000000000000000000000003802363875970391 0.00000000000000013082696208445174 0.008211063448940912 0.24326323034907935 0.2520000000024845 
0.007 0.000000000000000000000000000000000000000000000000000000000000000000000000000000000000000000000000000002840494109842681 0.00000000000000017514171825291955 0.008249338545020713 0.24326737028781203 0.25200000000248435 
0.009000000000000001 0.0000000000000000000000000000000000000000000000000000000000000000000000000000000000000000000000000000211149945353983 0.0000000000000002427390007481965 0.008300419022760212 0.24327288918919449 0.2520000000024843 
0.011 0.00000000000000000000000000000000000000000000000000000000000000000000000000000000000000000000000000015617670144733058 0.00000000000000034221269305054756 0.008364345161420645 0.24327978618178125 0.25200000000248446 
0.013000000000000001 0.000000000000000000000000000000000000000000000000000000000000000000000000000000000000000000000000001149362674031953 0.0000000000000004860994493535302 0.008441167284504846 0.24328806017652296 0.25200000000248435 
0.015 0.00000000000000000000000000000000000000000000000000000000000000000000000000000000000000000000000000841590929973574 0.0000000000000006923604741471707 0.008530945742640808 0.24329770986693877 0.25200000000248396 
0.017 0.00000000000000000000000000000000000000000000000000000000000000000000000000000000000000000000000006131059749227839 0.0000000000000009864830678923124 0.008633750892974803 0.2433087337293227 0.2520000000024839 
0.019000000000000003 0.0000000000000000000000000000000000000000000000000000000000000000000000000000000000000000000000004443732497287819 0.0000000000000014044307950035626 0.008749663075037778 0.24332113002298394 0.25200000000248407 
0.021 0.000000000000000000000000000000000000000000000000000000000000000000000000000000000000000000000003204242042609496 0.0000000000000019967598590634164 0.008878772583042784 0.24333489679052164 0.2520000000024841 
0.023 0.00000000000000000000000000000000000000000000000000000000000000000000000000000000000000000000002298554671550069 0.0000000000000028343395037365098 0.009021179634565578 0.24335003185813422 0.2520000000024843 
0.025 0.00000000000000000000000000000000000000000000000000000000000000000000000000000000000000000000016403005195421294 0.000000000000004016277358240497 0.009176994335554748 0.24336653283596235 0.25200000000248457 
0.027000000000000003 0.0000000000000000000000000000000000000000000000000000000000000000000000000000000000000000000011644420664198296 0.0000000000000056808717912206566 0.009346336641612432 0.24338439711846652 0.2520000000024849 
0.029 0.000000000000000000000000000000000000000000000000000000000000000000000000000000000000000000008222898322652792 0.000000000000008020712793945472 0.009529336315481097 0.24340362188483775 0.2520000000024845 
0.031 0.000000000000000000000000000000000000000000000000000000000000000000000000000000000000000000057760518776787085 0.00000000000001130345771194041 0.009726132880666873 0.24342420409944368 0.25200000000248496 
0.033 0.0000000000000000000000000000000000000000000000000000000000000000000000000000000000000000004035736577623397 0.00000000000001590035426532988 0.009936875571124748 0.2434461405123074 0.2520000000024854 
0.035 0.000000000000000000000000000000000000000000000000000000000000000000000000000000000000000002804699867720825 0.000000000000022325318543318585 0.010161723276926118 0.2434694276596207 0.2520000000024856 
0.037000000000000005 0.000000000000000000000000000000000000000000000000000000000000000000000000000000000000000019386883265280653 0.00000000000003128836338920918 0.010400844485824581 0.2434940618642901 0.25200000000248507 
0.039 0.00000000000000000000000000000000000000000000000000000000000000000000000000000000000000013328265605163383 0.000000000000043768496603585384 0.010654417220631327 0.24352003923651913 0.2520000000024856 
0.041 0.0000000000000000000000000000000000000000000000000000000000000000000000000000000000000009113164488555734 0.00000000000006111297923978945 0.010922628972307325 0.24354735567442082 0.2520000000024856 
0.043000000000000003 0.000000000000000000000000000000000000000000000000000000000000000000000000000000000000006196985073099728 0.00000000000008517219746071223 0.011205676628675453 0.2435760068646658 0.2520000000024858 
0.045 0.00000000000000000000000000000000000000000000000000000000000000000000000000000000000004190761656346615 0.0000000000001184825480320846 0.011503766398651982 0.2436059882831636 0.25200000000248557 
0.047 0.00000000000000000000000000000000000000000000000000000000000000000000000000000000000028183323054780915 0.00000000000016451391780573823 0.011817113731893323 0.24363729519577632 0.2520000000024863 
0.049 0.0000000000000000000000000000000000000000000000000000000000000000000000000000000000018847921699232167 0.0000000000002280038784944539 0.012145943233750704 0.24366992265906662 0.2520000000024863 
0.051000000000000004 0.00000000000000000000000000000000000000000000000000000000000000000000000000000000001253406462268967 0.00000000000031540804586993466 0.012490488575422504 0.24370386552107762 0.25200000000248646 
0.053000000000000005 0.00000000000000000000000000000000000000000000000000000000000000000000000000000000008288245113570877 0.00000000000043550572137922875 0.012850992399191276 0.24373911842214652 0.25200000000248646 
0.055 0.0000000000000000000000000000000000000000000000000000000000000000000000000000000005449545596285105 0.0000000000006002126627742781 0.013227706218630125 0.24377567579575082 0.2520000000024867 
0.057 0.000000000000000000000000000000000000000000000000000000000000000000000000000000003562621936197133 0.0000000000008256695484600956 0.013620890313661049 0.24381353186938712 0.25200000000248723 
0.059000000000000004 0.000000000000000000000000000000000000000000000000000000000000000000000000000000023156635696177576 0.0000000000011336966076959303 0.014030813620346127 0.24385268066548232 0.25200000000248757 
0.061 0.00000000000000000000000000000000000000000000000000000000000000000000000000000014964487313830727 0.0000000000015537335298629463 0.014457753615290933 0.24389311600233746 0.25200000000248796 
0.063 0.0000000000000000000000000000000000000000000000000000000000000000000000000000009614198533317257 0.000000000002125421123454348 0.014901996194538572 0.24393483149510348 0.2520000000024888 
0.065 0.000000000000000000000000000000000000000000000000000000000000000000000000000006140634371089592 0.0000000000029020298082410843 0.015363835546831904 0.24397782055678952 0.2520000000024891 
0.067 0.000000000000000000000000000000000000000000000000000000000000000000000000000038989366411755005 0.000000000003955003135147373 0.015843574021121208 0.24402207639930254 0.2520000000024893 
0.069 0.0000000000000000000000000000000000000000000000000000000000000000000000000002460909296742162 0.00000000000537996626897749 0.016341521988194385 0.2440675920345195 0.25200000000249 
0.07100000000000001 0.0000000000000000000000000000000000000000000000000000000000000000000000000015439920411535253 0.000000000007304654988342334 0.016857997696307248 0.24411436027538977 0.2520000000024905 
0.07300000000000001 0.000000000000000000000000000000000000000000000000000000000000000000000000009628926758183266 0.000000000009899356906678789 0.017393327120692057 0.2441623737370708 0.2520000000024905 
0.075 0.000000000000000000000000000000000000000000000000000000000000000000000000059686657624735046 0.000000000013390631704905068 0.017947843806823557 0.24421162483809303 0.25200000000249106 
0.077 0.0000000000000000000000000000000000000000000000000000000000000000000000003677275592114374 0.000000000018079301786339618 0.01852188870732325 0.24426210580155783 0.252000000002491 
0.079 0.000000000000000000000000000000000000000000000000000000000000000000000002251684039612173 0.000000000024363992238037866 0.01911581001238441 0.24431380865636446 0.25200000000249173 
0.081 0.00000000000000000000000000000000000000000000000000000000000000000000001370262241017366 0.000000000032771866007740225 0.0197299629736026 0.24436672523846886 0.2520000000024924 
0.083 0.00000000000000000000000000000000000000000000000000000000000000000000008286999852320476 0.00000000004399866765735599 0.02036470972109916 0.2444208471921727 0.2520000000024933 
0.085 0.0000000000000000000000000000000000000000000000000000000000000000000004980473188896603 0.00000000005896078295700922 0.021020419073827876 0.24447616597144253 0.2520000000024943 
0.08700000000000001 0.000000000000000000000000000000000000000000000000000000000000000000002974442343243663 0.0000000000788627742915552 0.021697466342958816 0.24453267284125857 0.2520000000024944 
0.089 0.000000000000000000000000000000000000000000000000000000000000000000017651597445997494 0.0000000001052848034713341 0.022396233128236815 0.24459035887899458 0.25200000000249534 
0.091 0.00000000000000000000000000000000000000000000000000000000000000000010408487389145727 0.0000000001402955536476346 0.02311710710721644 0.24464921497582587 0.2520000000024952 
0.093 0.0000000000000000000000000000000000000000000000000000000000000000006098145760171289 0.00000000018659777173596807 0.023860481817279806 0.24470923183816737 0.25200000000249634 
0.095 0.0000000000000000000000000000000000000000000000000000000000000000035497337088994556 0.0000000002477154471403144 0.024626756430348697 0.24477039998914138 0.2520000000024966 
0.097 0.000000000000000000000000000000000000000000000000000000000000000020528751974429714 0.00000000032823401365996757 0.02541633552020772 0.24483270977007374 0.2520000000024976 
0.099 0.00000000000000000000000000000000000000000000000000000000000000011794482998585569 0.0000000004341079216492342 0.026229628822361052 0.2448961513420182 0.2520000000024977 
0.101 0.0000000000000000000000000000000000000000000000000000000000000006731710439921913 0.0000000005730536136834758 0.027067050986351645 0.24496071468731004 0.2520000000024983 
0.10300000000000001 0.00000000000000000000000000000000000000000000000000000000000000381665098330098 0.0000000007550505153740443 0.02792902132047804 0.24502638961114862 0.2520000000024989 
0.10500000000000001 0.00000000000000000000000000000000000000000000000000000000000002149463567520774 0.0000000009929783247460195 0.02881596352885126 0.24509316574320503 0.2520000000024993 
0.107 0.00000000000000000000000000000000000000000000000000000000000012023979775281201 0.000000001303425891472519 0.029728305440741138 0.24516103253926105 0.2520000000025001 
0.109 0.0000000000000000000000000000000000000000000000000000000000006680616559796894 0.0000000017077156131629156 0.030666478732169728 0.24522997928287293 0.2520000000025006 
0.111 0.000000000000000000000000000000000000000000000000000000000003686501611901761 0.0000000022331978897543195 0.031630918639716794 0.24529999508706404 0.25200000000250117 
0.113 0.00000000000000000000000000000000000000000000000000000000002020324151450129 0.0000000029148831869227236 0.03262206366651148 0.24537106889604282 0.2520000000025022 
0.115 0.00000000000000000000000000000000000000000000000000000000010995509362461485 0.000000003797495163098162 0.033640355280392664 0.2454431894869492 0.25200000000250294 
0.117 0.0000000000000000000000000000000000000000000000000000000005942593091461238 0.000000004938047702796901 0.03468623760422971 0.2455163454716257 0.2520000000025043 
0.11900000000000001 0.0000000000000000000000000000000000000000000000000000000031891973762772875 0.000000006409072269964502 0.0357601570984048 0.2455905252984163 0.2520000000025047 
0.121 0.000000000000000000000000000000000000000000000000000000016994552230870777 0.000000008302650571655018 0.03686256223546789 0.24566571725398942 0.2520000000025056 
0.123 0.00000000000000000000000000000000000000000000000000000008991639275645264 0.000000010735442070448189 0.03799390316698537 0.24574190946518742 0.2520000000025064 
0.125 0.0000000000000000000000000000000000000000000000000000004723310277245356 0.000000013854937532889117 0.03915463138261386 0.2458190899009022 0.2520000000025071 
0.127 0.0000000000000000000000000000000000000000000000000000024632578963000327 0.000000017847219866433878 0.04034519936144141 0.24589724637397314 0.25200000000250755 
0.129 0.000000000000000000000000000000000000000000000000000012752818554719799 0.00000002294657350513354 0.04156606021564935 0.24597636654311208 0.25200000000250855 
0.131 0.00000000000000000000000000000000000000000000000000006554086458744141 0.00000002944735531802952 0.04281766732655892 0.24605643791485174 0.2520000000025092 
0.133 0.0000000000000000000000000000000000000000000000000003343523296479346 0.00000003771862546283971 0.04410047397313912 0.24613744784551853 0.25200000000250994 
0.135 0.0000000000000000000000000000000000000000000000000016930078260705297 0.000000048222138115004784 0.04541493295306281 0.24621938354322853 0.2520000000025105 
0.137 0.000000000000000000000000000000000000000000000000008508478964090654 0.00000006153441221850385 0.046761496196411206 0.2463022320699069 0.25200000000251166 
0.139 0.0000000000000000000000000000000000000000000000000424383872325948 0.00000007837374433734233 0.04814061437213822 0.24638598034333092 0.2520000000025126 
0.14100000000000001 0.00000000000000000000000000000000000000000000000021006568352148273 0.00000009963319273118185 0.04955273648741882 0.24647061513919546 0.2520000000025134 
0.14300000000000002 0.0000000000000000000000000000000000000000000000010318478415425172 0.00000012642075775006402 0.05099830948001809 0.246556123093201 0.25200000000251477 
0.14500000000000002 0.0000000000000000000000000000000000000000000000050293887984458854 0.00000016010821280357864 0.05247777780383031 0.24664249070316352 0.2520000000025154 
0.147 0.000000000000000000000000000000000000000000000024323615746262276 0.0000002023903072431693 0.05399158300775001 0.2467297043311464 0.25200000000251643 
0.149 0.00000000000000000000000000000000000000000000011671548432962884 0.00000025535637272850794 0.05554016330805018 0.24681775020561394 0.25200000000251704 
0.151 0.00000000000000000000000000000000000000000000055563545532057835 0.0000003215767237609776 0.05712395315445566 0.246906614423605 0.25200000000251804 
0.153 0.0000000000000000000000000000000000000000000026241335287186445 0.00000040420665729937685 0.05874338279011274 0.24699628295292905 0.2520000000025188 
0.155 0.000000000000000000000000000000000000000000012293893508050655 0.0000005071113324669515 0.06039887780566937 0.24708674163438077 0.25200000000251954 
0.157 0.00000000000000000000000000000000000000000005713117832518107 0.0000006350153565370344 0.06209085868769345 0.24717797618397638 0.2520000000025207 
0.159 0.00000000000000000000000000000000000000000026333553029165206 0.0000007936815253107944 0.06381974036166975 0.24726997219520871 0.2520000000025213 
0.161 0.0000000000000000000000000000000000000000012038440938496645 0.0000009901238727209255 0.06558593172982956 0.24736271514132177 0.2520000000025229 
0.163 0.000000000000000000000000000000000000000005457919654022979 0.0000012328609843542 0.06738983520407983 0.24745619037760452 0.25200000000252326 
0.165 0.000000000000000000000000000000000000000024538689100255695 0.0000015322164311152968 0.06923184623431226 0.24755038314370278 0.2520000000025239 
0.167 0.00000000000000000000000000000000000000010939910023307835 0.0000019006741910291328 0.0711123528323851 0.24764527856595014 0.25200000000252476 
0.169 0.0000000000000000000000000000000000000004835983059760177 0.0000023532980576377396 0.0730317350920841 0.24774086165971632 0.2520000000025258 
0.171 0.000000000000000000000000000000000000002119505193518622 0.000002908225290673316 0.07499036470538169 0.2478371173317731 0.25200000000252726 
0.17300000000000001 0.000000000000000000000000000000000000009209425904575074 0.000003587246156145218 0.07698860447532535 0.2479340303826775 0.2520000000025284 
0.17500000000000002 0.00000000000000000000000000000000000003966872569094484 0.000004416482535199813 0.07902680782590003 0.24803158550917134 0.2520000000025299 
0.177 0.0000000000000000000000000000000000001693754284054937 0.00000542718045934336 0.08110531830922066 0.24812976730659808 0.25200000000253125 
0.179 0.0000000000000000000000000000000000007168156156375455 0.000006656633257403405 0.08322446911042326 0.2482285602713344 0.2520000000025328 
0.181 0.0000000000000000000000000000000000030066813583260783 0.000008149253978321187 0.08538458255063534 0.24832794880323913 0.25200000000253425 
0.183 0.000000000000000000000000000000000012498497789398163 0.000009957817882210649 0.08758596958841723 0.24842791720811536 0.25200000000253575 
0.185 0.00000000000000000000000000000000005148560564527114 0.000012144898065531364 0.08982892932007815 0.24852844970018934 0.2520000000025367 
0.187 0.0000000000000000000000000000000002101542186379996 0.000014784519696278664 0.09211374847928076 0.24862953040460214 0.25200000000253825 
0.189 0.0000000000000000000000000000000008499255927348584 0.000017964060868846716 0.09444070093635999 0.24873114335991722 0.2520000000025381 
0.191 0.000000000000000000000000000000003405492886292336 0.00002178643072750868 0.0968100471977907 0.2488332725206398 0.2520000000025385 
0.193 0.000000000000000000000000000000013517632180474357 0.000026372558228198273 0.09922203390625024 0.2489359017597512 0.25200000000253797 
0.195 0.00000000000000000000000000000005315053923458193 0.000031864227679741914 0.10167689334173036 0.24903901487125435 0.2520000000025374 
0.197 0.0000000000000000000000000000002069976766077461 0.000038427299989801687 0.10417484292416253 0.24914259557273344 0.2520000000025364 
0.199 0.0000000000000000000000000000007984318751475228 0.000046255361291437194 0.10671608471802968 0.2492466275079247 0.2520000000025363 
0.201 0.0000000000000000000000000000030499183981189636 0.000055573843288613836 0.10930080493944495 0.24935109424929863 0.2520000000025363 
0.203 0.000000000000000000000000000011536641155605263 0.00006664466216921358 0.11192917346618654 0.24945597930065455 0.25200000000253825 
0.20500000000000002 0.000000000000000000000000000043208949033090354 0.00007977142521854837 0.11460134335118434 0.24956126609972493 0.2520000000025422 
0.20700000000000002 0.00000000000000000000000000016022600412093296 0.0000953052562415315 0.11731745033996104 0.24966693802079054 0.25200000000255024 
0.20900000000000002 0.0000000000000000000000000005881912794093225 0.00011365129247400423 0.12007761239253706 0.24977297837730586 0.252000000002561 
0.211 0.0000000000000000000000000021374266024204345 0.00013527590672982444 0.12288192921031314 0.2498793704245337 0.25200000000257455 
0.213 0.000000000000000000000000007687960080575819 0.00016071470897725666 0.1257304817684504 0.24998609736218946 0.2520000000025893 
0.215 0.00000000000000000000000002736768073425393 0.00019058138124416904 0.1286233318542723 0.25009314233709373 0.2520000000026019 
0.217 0.00000000000000000000000009641197290408662 0.00022557739858691667 0.13156052161221568 0.2502004884458337 0.252000000002608 
0.219 0.00000000000000000000000033608460678503253 0.00026650268668649695 0.1345420730958623 0.250308118737432 0.25200000000260214 
0.221 0.000000000000000000000001159174881419511 0.0003142672633168614 0.13756798782758475 0.25041601621602333 0.2520000000025795 
0.223 0.000000000000000000000003955391109664038 0.0003699039063209772 0.1406382463663414 0.2505241638435387 0.25200000000253436 
0.225 0.000000000000000000000013351402941192014 0.00043458188468739264 0.1437528078841584 0.2506325445423945 0.25200000000246814 
0.227 0.000000000000000000000044577700104372876 0.0005096217817040627 0.14691160975183523 0.2507411411981909 0.25200000000238515 
0.229 0.00000000000000000000014720325049110987 0.0005965114298443697 0.15011456713441135 0.25084993666241284 0.2520000000023007 
0.231 0.0000000000000000000004807078785873018 0.0006969229658909048 0.15336157259693053 0.25095891375513885 0.2520000000022377 
0.233 0.0000000000000000000015522572464589612 0.0008127310017193518 0.15665249572103754 0.25106805526775305 0.2520000000022301 
0.23500000000000001 0.000000000000000000004955856105590633 0.0009460318910616332 0.15998718273293996 0.2511773439656632 0.25200000000231837 
0.23700000000000002 0.00000000000000000001564226130519259 0.0010991640553835028 0.16336545614326525 0.251286762591022 0.2520000000025388 
0.23900000000000002 0.00000000000000000004880439788953638 0.0012747293127168772 0.16678711439933802 0.2513962938654518 0.2520000000029099 
0.241 0.00000000000000000015050435597012852 0.001475615131887232 0.17025193155040078 0.25150592049277376 0.2520000000034194 
0.243 0.0000000000000000004586922232963545 0.0017050177111188076 0.17375965692629275 0.2516156251617382 0.2520000000039986 
0.245 0.00000000000000000138142332912464 0.0019664657545793215 0.17731001483009884 0.25172539054875903 0.2520000000045095 
0.247 0.000000000000000004110698241200101 0.0022638447931873813 0.18090270424527166 0.25183519932064846 0.2520000000047402 
0.249 0.000000000000000012084745543946779 0.00260142186715206 0.18453739855772391 0.25194503413735514 0.2520000000044212 
0.251 0.00000000000000003509470749371637 0.0029838703575075206 0.18821374529337875 0.2520548776547014 0.25200000000327516 
0.253 0.0000000000000001006645265575646 0.0034162947226716216 0.19193136587165843 0.2521647125271223 0.25200000000110895 
0.255 0.00000000000000028516086005263647 0.0039042548641865585 0.19568985537538075 0.2522745214104053 0.2519999999979405 
0.257 0.0000000000000007976811868753136 0.004453789813748048 0.19948878233752332 0.2523842869644284 0.25199999999414974 
0.259 0.0000000000000022031371103216193 0.00507144040191828 0.2033276885453041 0.2524939918558985 0.2519999999906166 
0.261 0.000000000000006007207805270992 0.005764270538130552 0.20720608886201516 0.2526036187610887 0.2519999999887818 
0.263 0.000000000000016168450523299518 0.006539886702371904 0.21112347106703425 0.2527131503685743 0.2519999999905463 
0.265 0.00000000000004295106106965107 0.00740645522196832 0.21507929571442574 0.2528225693819656 0.2519999999979196 
0.267 0.00000000000011259879924848787 0.008372716882933371 0.21907299601052768 0.2529318585226404 0.25200000001234657 
0.269 0.00000000000029126755654074185 0.009447998405147576 0.22310397771090962 0.25304100053247125 0.25200000003370865 
0.271 0.0000000000007433487414977453 0.010642220295006397 0.22717161903706698 0.2531499781765519 0.2520000000591273 
0.273 0.000000000001871451005937656 0.011965900578910995 0.23127527061320632 0.2532587742459185 0.2520000000818869 
0.275 0.000000000004647211731916325 0.013430153916871048 0.23541425542345545 0.2533673715602671 0.2520000000910153 
0.277 0.00000000001138091067988645 0.015046685598309855 0.23958786878981858 0.25347575297066693 0.2520000000722675 
0.279 0.00000000002748363623891283 0.016827779932630564 0.24379537837117632 0.2535839013622684 0.2520000000113115 
0.281 0.00000000006543735705821449 0.01878628256587487 0.24803602418361484 0.25369179965700567 0.25199999989968513 
0.28300000000000003 0.00000000015359362529798228 0.020935576282451667 0.2523090186423469 0.25379943081629397 0.25199999974338166 
0.28500000000000003 0.00000000035535121636646753 0.02328954988789519 0.25661354662547087 0.25390677784372007 0.25199999957261016 
0.28700000000000003 0.0000000008102531623797218 0.025862559815263607 0.260948765559793 0.25401382378772636 0.251999999449368 
0.28900000000000003 0.0000000018205517318755005 0.02866938415429465 0.2653138055289166 0.25412055174428766 0.25199999946732077 
0.291 0.0000000040303772526226355 0.031725168868811854 0.2697077694037837 0.25422694485958125 0.2519999997368445 
0.293 0.00000000879001943076226 0.0350453660439563 0.27412973299583165 0.25433298633264784 0.252000000348335 
0.295 0.000000018883245586425033 0.03864566409023882 0.27857874523290604 0.25443865941804517 0.2520000013108612 
0.297 0.000000039952830237212397 0.0425419099255916 0.2830538283580495 0.2545439474284922 0.25200000247275883 
0.299 0.00000008324234652867008 0.04675002325875432 0.28755397815126427 0.2546488337375045 0.2520000034467859 
0.301 0.00000017076903180625386 0.05128590320644823 0.292078164174322 0.25475330178202016 0.2520000035834376 
0.303 0.0000003448932419566657 0.05616532759164307 0.29662533003867275 0.2548573350650155 0.2520000020557302 
0.305 0.0000006856688540517462 0.06140384538936933 0.30119439369648227 0.2549609171581099 0.25199999812484053 
0.307 0.000001341660230336701 0.06701666290833527 0.30578424775480184 0.2550640317041601 0.2519999916289811 
0.309 0.000002583534349664054 0.07301852441926006 0.3103937598128513 0.2551666624198445 0.251999983655478 
0.311 0.000004895260619053332 0.07942358806235934 0.31502177282237365 0.25526879309823364 0.25199997720212963 
0.313 0.000009125883237104306 0.08624529798472087 0.3196671054709944 0.25537040761134977 0.251999977418094 
0.315 0.00001673634594205894 0.0934962537711931 0.3243285525884944 0.2554714899127145 0.25199999079869945 
0.317 0.000030191443911756542 0.1011880783376359 0.32900488557588037 0.2555720240398823 0.2520000226354093 
0.319 0.00005356701370557787 0.10933128555069306 0.33369485285711553 0.25567199411696173 0.25200007232682325 
0.321 0.00009346657179678522 0.11793514892141814 0.33839718035334543 0.2557713843571236 0.2520001271268234 
0.323 0.0001603681096135949 0.12700757278898245 0.3431105719794305 0.2558701790650922 0.25200015674420284 
0.325 0.00027054704272485154 0.13655496746330592 0.34783371016257375 0.25596836263962214 0.2520001137482435 
0.327 0.00044873921425209916 0.14658212982995558 0.35256525638280706 0.25606591957596314 0.25199994701196815 
0.329 0.0007317092090927314 0.15709213093545257 0.3573038517350747 0.25616283446832344 0.2519996352170297 
0.331 0.0011728620416538616 0.16808621206490293 0.3620481175126294 0.2562590920123154 0.25199924114309286 
0.333 0.0018479667230680563 0.17956369079560602 0.3667966558114328 0.2563546770073094 0.25199897098344776 
0.335 0.0028619349524743065 0.19152187845936225 0.3715480501552281 0.25644957435869553 0.25199919469374554 
0.337 0.004356408022397521 0.20395601037232586 0.37630086614092845 0.25654376908048293 0.2520003504036653 
0.339 0.006517649841875343 0.2168591900945845 0.38105365210394243 0.25663724629865786 0.25200264271077233 
0.341 0.009583938071617091 0.23022234886276483 0.3858049398030361 0.25672999125306223 0.2520055010237933 
0.343 0.013851322071132698 0.2440342211988763 0.3905532451243055 0.25682198929326494 0.252006960155889 
0.34500000000000003 0.01967632998368789 0.25828133753874455 0.395297068803814 0.2569132258802825 0.25200351066434085 
0.34700000000000003 0.027474030402197886 0.2729480345456163 0.40003489716842655 0.2570036866320596 0.25199145989113964 
0.34900000000000003 0.03770986859584431 0.28801648358109216 0.4047652028943494 0.2570933573399738 0.2519710324193097 
0.35100000000000003 0.050883979019677464 0.30346673759907516 0.40948644578286686 0.25718222364988563 0.25195333492172994 
0.353 0.06750727384106679 0.3192767965118681 0.41419707355274055 0.2572702710225826 0.2519663662527701 
0.355 0.08806952192241708 0.33542269085411636 0.41889552264872304 0.25735748747031145 0.25204839045995187 
0.357 0.11300079832720156 0.3518785833434224 0.4235802190656122 0.2574438615406736 0.2522081785891753 
0.359 0.14262896231502 0.36861688770973194 0.4282495791872569 0.25752935785660513 0.25233688542530314 
0.361 0.17713701013332103 0.38560840394269613 0.432902010639907 0.25761398614651565 0.25211416769923833 
0.363 0.2165250111456297 0.4028224688908262 0.4375359131592782 0.2576979177966382 0.25112219203455827 
0.365 0.2605816453568735 0.42022712094200465 0.44214967947069167 0.2577800550984999 0.24966418387342088 
0.367 0.3088699534635763 0.43778927732529277 0.446741696181625 0.25786380982102197 0.2507207529228031 
0.369 0.36073073509051445 0.45547492240225246 0.45131034468599984 0.25794130532042225 0.2607883070086253 
0.371 0.4153051773440639 0.4732493051651846 0.4558540020795148 0.25802686962290383 0.2738595576299294 
0.373 0.471575998903771 0.49107714403243574 0.4603710420853159 0.25809888079638044 0.1733504916062734 
0.375 0.5284240010962316 0.508922836929498 0.46485983598928593 0.2581847807129309 0.3306495083991235 
0.377 0.5846948226559386 0.5267506745708321 0.4693187535842192 0.2582548521543837 0.2301404423754671 
0.379 0.6392692649094884 0.5445250548125065 0.4737461641221347 0.25833653729912337 0.24321169299677034 
0.381 0.6911300465364264 0.5622106959306651 0.4781404372739715 0.258408214827627 0.25327924708259303 
0.383 0.7394183546431295 0.5797728466957833 0.48249994409589725 0.25848421368482183 0.2543358161319752 
0.385 0.7834749888543733 0.597177491157377 0.4868230580014526 0.2585566584516653 0.2528778079708382 
0.387 0.8228629898666822 0.6143915461274767 0.49110815573874167 0.25862896242764055 0.25188583230615785 
0.389 0.8573710376849838 0.6313830494524565 0.49535361837187447 0.2587000297404175 0.25166311458009344 
0.391 0.8869992016728024 0.6481213372898813 0.4995578322658547 0.2587700339176621 0.2517918214162213 
0.393 0.911930478077587 0.6645772087576668 0.5037191900741055 0.2588389871341699 0.25195160954544527 
0.395 0.9324927261589375 0.680723076494347 0.5078360917278126 0.25890685676382846 0.2520336337526273 
0.397 0.9491160209803267 0.6965331018586306 0.5119069454262665 0.2589736344093229 0.25204666508366813 
0.399 0.9622901314041595 0.7119833137003932 0.5159301686273724 0.25903931144163306 0.25202896758608756 
0.401 0.9725259695978068 0.7270517098503222 0.5199041890375041 0.25910387698339826 0.25200854011425866 
0.403 0.9803236700163169 0.7417183406979605 0.5238274455998653 0.25916732064487114 0.25199648934105806 
0.405 0.9861486779288726 0.7559653744541975 0.5276983894805227 0.25922963248373687 0.25199303984950994 
0.40700000000000003 0.9904160619283884 0.7697771439206447 0.5315154850512815 0.2592908026854883 0.2519944989816063 
0.40900000000000003 0.9934823501581299 0.7831401748112229 0.5352772108685625 0.25935082157920963 0.2519973572946282 
0.41100000000000003 0.9956435919776074 0.7960431958872148 0.5389820606474488 0.2594096796822888 0.2519996496017367 
0.41300000000000003 0.9971380650475306 0.8084771313727931 0.5426285442300707 0.2594673677013212 0.2520008053116575 
0.41500000000000004 0.9981520332769372 0.8204350763106645 0.546215188547495 0.2595238765271191 0.25200102902195565 
0.41700000000000004 0.9988271379583514 0.8319122556943288 0.549740538574295 0.25957919723567846 0.252000758862311 
0.419 0.999268290790912 0.8429059683723037 0.5532031582749797 0.25963332109057974 0.252000364788375 
0.421 0.9995512607857522 0.8534155168586228 0.5566016315414599 0.25968623954458486 0.2520000529934371 
0.423 0.9997294529572792 0.8634421243015308 0.5599345631207455 0.2597379442408465 0.25199988625716274 
0.425 0.9998396318903903 0.8729888399575836 0.5632005795320649 0.25978842701416566 0.2519998432612035 
0.427 0.9999065334282078 0.8820604345906934 0.5663983299726122 0.25983767989229356 0.2519998728785838 
0.429 0.9999464329862986 0.8906632872649191 0.5695264872111319 0.259885695097206 0.2519999276785842 
0.431 0.9999698085560926 0.898805265026231 0.5725837484685621 0.25993246504633294 0.2519999773699982 
0.433 0.9999832636540623 0.9064955969727296 0.5755688362849671 0.25997798235375325 0.2520000092067088 
0.435 0.999990874116767 0.9137447441958694 0.5784804993719996 0.26002223983136064 0.25200002258731435 
0.437 0.9999951047393852 0.9205642670384679 0.581317513450146 0.26006523048999897 0.2520000228032794 
0.439 0.9999974164656543 0.9269666910602444 0.5840786820700201 0.2601069475405665 0.2520000163499323 
0.441 0.9999986583397737 0.932965373030222 0.5867628374169814 0.2601473843950884 0.25200000837643066 
0.443 0.9999993143311502 0.938574368179494 0.589368841098374 0.2601865346677569 0.25200000188057364 
0.445 0.9999996551067618 0.9438082998498395 0.5918955849126868 0.2602243921759406 0.25199999794968614 
0.447 0.999999829230972 0.9486822325656701 0.5943419915999608 0.2602609509411602 0.25199999642198206 
0.449 0.9999999167576569 0.9532115494411174 0.5967070155727802 0.26029620519003355 0.2519999965586365 
0.451 0.9999999600471732 0.9574118347130246 0.5989896436271978 0.2603301493551865 0.2519999975326672 
0.453 0.9999999811167581 0.9612987620664134 0.6011888956329707 0.2603627780761335 0.2519999986945659 
0.455 0.9999999912099847 0.9648879892938393 0.603303825202491 0.26039408620012294 0.25199999965709274 
0.457 0.9999999959696266 0.9681950597059517 0.6053335203378205 0.26042406878295277 0.25200000026858044 
0.459 0.9999999981794521 0.9712353105894583 0.6072771040552551 0.2604527210897495 0.252000000538099 
0.461 0.9999999991897505 0.9740237888922657 0.6091337349868641 0.2604800385957171 0.2520000005560432 
0.463 0.999999999644652 0.9765751742053846 0.6109026079584704 0.26050601698685216 0.2520000004327902 
0.465 0.9999999998464099 0.9789037090085854 0.6125829545435586 0.2605306521606239 0.2520000002620064 
0.467 0.9999999999345657 0.9810231360528986 0.6141740435926168 0.2605539402266234 0.2520000001056938 
0.46900000000000003 0.999999999972519 0.9829466426688024 0.6156751817374415 0.2605758775071776 0.25199999999406403 
0.47100000000000003 0.9999999999886219 0.9846868117150253 0.6170857138699583 0.26059646053792973 0.2519999999331161 
0.47300000000000003 0.9999999999953554 0.9862555788198348 0.6184050235951295 0.26061568606838775 0.25199999991439415 
0.47500000000000003 0.9999999999981308 0.9876641955147917 0.6196325336575468 0.2606335510624361 0.25199999992357003 
0.47700000000000004 0.9999999999992581 0.9889231978203304 0.6207677063413274 0.2606500526988168 0.2519999999463986 
0.47900000000000004 0.9999999999997106 0.9900423798131728 0.6218100438429578 0.2606651883715743 0.25199999997190287 
0.481 0.9999999999998891 0.991030771687247 0.622759088616753 0.2606789556904669 0.25199999999335226 
0.483 0.9999999999999587 0.9918966218121655 0.6236144236926213 0.2606913524813451 0.2520000000078453 
0.485 0.999999999999985 0.9926473822959337 0.6243756729658527 0.26070237678649366 0.2520000000152288 
0.487 0.9999999999999956 0.9932896975708329 0.6250425014586709 0.2607120268649424 0.2520000000169081 
0.489 0.9999999999999988 0.9938293955427233 0.6256146155533161 0.2607203011927402 0.25200000001485595 
0.491 1.0 0.9942714808735603 0.6260917631964508 0.26072719846319575 0.2520000000109541 
0.493 1.0 0.9946201300039516 0.6264737340747036 0.26073271758708433 0.2520000000066569 
0.495 1.0 0.9948786875662349 0.6267603597611978 0.26073685769281973 0.25200000000291223 
0.497 1.0 0.9950496638879385 0.6269515138329306 0.2607396181265914 0.25200000000023864 
0.499 1.0 0.9951347333396859 0.6270471119589001 0.26074099845246884 0.251999999998865 
0.501 1.0 0.9951347333396858 0.6270471119589001 0.26074099845246923 0.25199999999886824 
0.503 1.0 0.9950496638879385 0.6269515138329306 0.26073961812659224 0.2520000000002482 
0.505 1.0 0.994878687566235 0.6267603597611976 0.2607368576928212 0.2520000000029285 
0.507 1.0 0.9946201300039516 0.6264737340747034 0.26073271758708627 0.25200000000667977 
0.509 1.0 0.9942714808735603 0.6260917631964505 0.2607271984631982 0.25200000001098355 
0.511 0.9999999999999989 0.9938293955427234 0.625614615553316 0.26072030119274325 0.2520000000148916 
0.513 0.9999999999999968 0.9932896975708329 0.6250425014586707 0.260712026864946 0.2520000000169501 
0.515 0.9999999999999871 0.9926473822959339 0.6243756729658524 0.2607023767864977 0.2520000000152773 
0.517 0.9999999999999607 0.9918966218121658 0.623614423692621 0.2606913524813497 0.2520000000079005 
0.519 0.9999999999998909 0.9910307716872472 0.6227590886167526 0.2606789556904722 0.2519999999934138 
0.521 0.9999999999997122 0.990042379813173 0.6218100438429573 0.26066518837158004 0.2519999999719696 
0.523 0.9999999999992605 0.9889231978203304 0.6207677063413268 0.2606500526988231 0.25199999994647215 
0.525 0.9999999999981329 0.9876641955147916 0.6196325336575464 0.26063355106244307 0.2519999999236493 
0.527 0.9999999999953573 0.9862555788198347 0.6184050235951292 0.2606156860683952 0.25199999991447974 
0.529 0.9999999999886244 0.9846868117150253 0.6170857138699579 0.26059646053793784 0.2519999999332079 
0.531 0.9999999999725218 0.9829466426688023 0.6156751817374411 0.2605758775071862 0.2519999999941616 
0.533 0.999999999934568 0.9810231360528985 0.6141740435926165 0.2605539402266326 0.25200000010579715 
0.535 0.9999999998464111 0.9789037090085854 0.6125829545435586 0.2605306521606337 0.25200000026211644 
0.537 0.9999999996446539 0.9765751742053845 0.6109026079584702 0.26050601698686243 0.25200000043290577 
0.539 0.999999999189752 0.9740237888922654 0.609133734986864 0.2604800385957281 0.25200000055616567 
0.541 0.9999999981794537 0.9712353105894579 0.6072771040552551 0.2604527210897608 0.25200000053822647 
0.543 0.9999999959696279 0.9681950597059512 0.6053335203378206 0.26042406878296454 0.2520000002687143 
0.545 0.9999999912099858 0.9648879892938388 0.6033038252024913 0.2603940862001353 0.2519999996572323 
0.547 0.9999999811167591 0.961298762066413 0.601188895632971 0.2603627780761462 0.25199999869471157 
0.549 0.9999999600471742 0.9574118347130242 0.5989896436271982 0.26033014935519977 0.25199999753281865 
0.551 0.999999916757658 0.9532115494411171 0.5967070155727806 0.2602962051900472 0.2519999965587942 
0.553 0.999999829230973 0.9486822325656696 0.5943419915999614 0.2602609509411744 0.2519999964221456 
0.555 0.9999996551067623 0.9438082998498389 0.591895584912687 0.26022439217595533 0.25199999794985556 
0.557 0.9999993143311502 0.9385743681794934 0.5893688410983742 0.260186534667772 0.25200000188074817 
0.559 0.9999986583397737 0.9329653730302214 0.5867628374169815 0.260147384395104 0.2520000083766116 
0.561 0.9999974164656543 0.9269666910602438 0.5840786820700201 0.26010694754058256 0.25200001635011837 
0.5630000000000001 0.9999951047393848 0.9205642670384673 0.581317513450146 0.26006523049001545 0.2520000228034715 
0.5650000000000001 0.9999908741167667 0.9137447441958692 0.5784804993719994 0.26002223983137757 0.2520000225875122 
0.5670000000000001 0.9999832636540625 0.9064955969727291 0.5755688362849667 0.2599779823537708 0.25200000920691207 
0.5690000000000001 0.9999698085560931 0.8988052650262308 0.5725837484685614 0.25993246504635076 0.2519999773702071 
0.5710000000000001 0.9999464329862986 0.8906632872649187 0.5695264872111311 0.2598856950972244 0.2519999276787979 
0.5730000000000001 0.9999065334282076 0.8820604345906928 0.5663983299726112 0.25983767989231227 0.2519998728788036 
0.5750000000000001 0.9998396318903913 0.8729888399575828 0.5632005795320636 0.25978842701418486 0.2519998432614295 
0.5770000000000001 0.9997294529572798 0.8634421243015302 0.5599345631207441 0.25973794424086616 0.2519998862573938 
0.579 0.9995512607857526 0.8534155168586223 0.5566016315414584 0.259686239544605 0.25200005299367423 
0.581 0.9992682907909115 0.8429059683723032 0.5532031582749778 0.2596333210906006 0.25200036478861665 
0.583 0.9988271379583505 0.8319122556943283 0.5497405385742931 0.25957919723569944 0.2520007588625589 
0.585 0.9981520332769365 0.8204350763106643 0.546215188547493 0.25952387652714065 0.2520010290222084 
0.587 0.9971380650475303 0.808477131372793 0.5426285442300687 0.25946736770134315 0.2520008053119151 
0.589 0.995643591977607 0.7960431958872145 0.5389820606474466 0.25940967968231116 0.25199964960200033 
0.591 0.9934823501581292 0.7831401748112228 0.5352772108685602 0.25935082157923245 0.2519973572948977 
0.593 0.9904160619283875 0.7697771439206443 0.5315154850512793 0.25929080268551147 0.2519944989818808 
0.595 0.986148677928872 0.7559653744541973 0.5276983894805206 0.2592296324837605 0.2519930398497898 
0.597 0.9803236700163167 0.7417183406979605 0.5238274455998633 0.2591673206448952 0.2519964893413435 
0.599 0.9725259695978072 0.727051709850322 0.5199041890375022 0.2591038769834227 0.25200854011454915 
0.601 0.9622901314041604 0.7119833137003932 0.5159301686273703 0.25903931144165804 0.25202896758638416 
0.603 0.9491160209803268 0.6965331018586306 0.5119069454262646 0.2589736344093483 0.2520466650839694 
0.605 0.9324927261589375 0.680723076494347 0.5078360917278109 0.2589068567638543 0.25203363375293397 
0.607 0.9119304780775873 0.6645772087576669 0.5037191900741036 0.2588389871341959 0.25195160954575757 
0.609 0.8869992016728026 0.6481213372898816 0.49955783226585304 0.2587700339176888 0.251791821416539 
0.611 0.857371037684984 0.6313830494524566 0.49535361837187303 0.2587000297404447 0.25166311458041607 
0.613 0.8228629898666824 0.6143915461274768 0.4911081557387405 0.2586289624276683 0.25188583230648565 
0.615 0.7834749888543737 0.5971774911573771 0.4868230580014514 0.2585566584516935 0.25287780797117104 
0.617 0.7394183546431301 0.5797728466957833 0.4824999440958962 0.25848421368485036 0.25433581613231293 
0.619 0.6911300465364277 0.5622106959306651 0.47814043727397043 0.258408214827656 0.2532792470829355 
0.621 0.6392692649094899 0.5445250548125065 0.4737461641221338 0.25833653729915285 0.24321169299711798 
0.623 0.5846948226559403 0.5267506745708321 0.4693187535842182 0.2582548521544136 0.2301404423758192 
0.625 0.5284240010962329 0.5089228369294981 0.4648598359892849 0.25818478071296114 0.330649508399483 
0.627 0.4715759989037717 0.49107714403243585 0.4603710420853147 0.25809888079641125 0.17335049160663532 
0.629 0.4153051773440643 0.4732493051651846 0.45585400207951365 0.25802686962293525 0.2738595576302936 
0.631 0.3607307350905144 0.4554749224022524 0.4513103446859987 0.25794130532045395 0.26078830700899774 
0.633 0.3088699534635763 0.4377892773252927 0.44674169618162385 0.257863809821054 0.25072075292317997 
0.635 0.26058164535687345 0.42022712094200465 0.4421496794706906 0.2577800550985324 0.2496641838738021 
0.637 0.2165250111456299 0.4028224688908262 0.43753591315927715 0.25769791779667117 0.2511221920349444 
0.639 0.1771370101333213 0.385608403942696 0.43290201063990597 0.2576139861465492 0.25211416769962947 
0.641 0.14262896231502015 0.36861688770973194 0.42824957918725604 0.257529357856639 0.252336885425699 
0.643 0.1130007983272016 0.3518785833434224 0.42358021906561116 0.25744386154070803 0.25220817858957645 
0.645 0.08806952192241713 0.3354226908541164 0.4188955226487221 0.2573574874703465 0.25204839046035743 
0.647 0.06750727384106686 0.319276796511868 0.41419707355273966 0.25727027102261824 0.2519663662531798 
0.649 0.05088397901967752 0.30346673759907505 0.409486445782866 0.25718222364992155 0.25195333492214406 
0.651 0.037709868595844374 0.288016483581092 0.40476520289434875 0.25709335734001043 0.25197103241972874 
0.653 0.027474030402197914 0.27294803454561617 0.4000348971684259 0.2570036866320965 0.251991459891563 
0.655 0.01967632998368792 0.2582813375387444 0.39529706880381343 0.25691322588032006 0.2520035106647687 
0.657 0.013851322071132726 0.24403422119887622 0.390553245124305 0.25682198929330285 0.25200696015632196 
0.659 0.009583938071617107 0.23022234886276474 0.3858049398030357 0.2567299912531005 0.25200550102423036 
0.661 0.0065176498418753545 0.21685919009458432 0.3810536521039421 0.2566372462986966 0.2520026427112137 
0.663 0.004356408022397533 0.20395601037232575 0.37630086614092817 0.25654376908052196 0.25200035040411045 
0.665 0.002861934952474312 0.19152187845936214 0.3715480501552279 0.2564495743587353 0.25199919469419507 
0.667 0.0018479667230680596 0.179563690795606 0.3667966558114326 0.25635467700734954 0.25199897098390195 
0.669 0.0011728620416538635 0.16808621206490293 0.3620481175126292 0.25625909201235614 0.25199924114355093 
0.671 0.0007317092090927322 0.15709213093545257 0.3573038517350747 0.2561628344683646 0.25199963521749286 
0.673 0.00044873921425209965 0.14658212982995558 0.3525652563828071 0.25606591957600483 0.25199994701243494 
0.675 0.00027054704272485186 0.13655496746330598 0.34783371016257386 0.2559683626396643 0.25200011374871384 
0.677 0.00016036810961359495 0.12700757278898245 0.34311057197943073 0.25587017906513476 0.25200015674467785 
0.679 0.00009346657179678528 0.11793514892141814 0.3383971803533458 0.2557713843571666 0.2520001271273027 
0.681 0.00005356701370557793 0.10933128555069305 0.33369485285711614 0.2556719941170054 0.25200007232730703 
0.683 0.00003019144391175657 0.10118807833763586 0.329004885575881 0.2555720240399264 0.25200002263589805 
0.685 0.000016736345942058952 0.09349625377119306 0.32432855258849524 0.25547148991275936 0.2519999907991919 
0.687 0.000009125883237104314 0.08624529798472083 0.31966710547099536 0.25537040761139507 0.25199997741859054 
0.6890000000000001 0.000004895260619053332 0.07942358806235929 0.3150217728223746 0.2552687930982794 0.2519999772026309 
0.6910000000000001 0.000002583534349664054 0.07301852441926002 0.31039375981285233 0.25516666241989094 0.25199998365598364 
0.6930000000000001 0.0000013416602303367017 0.06701666290833523 0.30578424775480306 0.255064031704207 0.25199999162949016 
0.6950000000000001 0.0000006856688540517472 0.06140384538936929 0.3011943936964835 0.2549609171581573 0.25199999812535406 
0.6970000000000001 0.00000034489324195666645 0.05616532759164303 0.296625330038674 0.25485733506506364 0.25200000205624734 
0.6990000000000001 0.00000017076903180625415 0.051285903206448206 0.2920781641743233 0.25475330178206873 0.25200000358395824 
0.7010000000000001 0.00000008324234652867021 0.0467500232587543 0.28755397815126565 0.2546488337375533 0.25200000344731105 
0.7030000000000001 0.000000039952830237212436 0.04254190992559157 0.2830538283580509 0.25454394742854153 0.25200000247328747 
0.705 0.000000018883245586425073 0.0386456640902388 0.2785787452329075 0.2544386594180949 0.25200000131139416 
0.707 0.000000008790019430762275 0.035045366043956284 0.27412973299583326 0.2543329863326982 0.2520000003488721 
0.709 0.000000004030377252622644 0.03172516886881184 0.2697077694037853 0.2542269448596322 0.25199999973738535 
0.711 0.0000000018205517318755046 0.028669384154294632 0.26531380552891826 0.25412055174433895 0.25199999946786517 
0.713 0.0000000008102531623797234 0.025862559815263596 0.26094876555979474 0.2540138237877779 0.2519999994499162 
0.715 0.00000000035535121636646815 0.02328954988789518 0.2566135466254727 0.25390677784377214 0.25199999957316227 
0.717 0.00000000015359362529798256 0.020935576282451664 0.2523090186423487 0.25379943081634637 0.25199999974393766 
0.719 0.0000000000654373570582146 0.01878628256587487 0.24803602418361675 0.25369179965705857 0.2519999999002438 
0.721 0.000000000027483636238912867 0.016827779932630564 0.24379537837117826 0.2535839013623217 0.2520000000118734 
0.723 0.000000000011380910679886461 0.015046685598309855 0.2395878687898205 0.25347575297072067 0.2520000000728331 
0.725 0.000000000004647211731916326 0.013430153916871045 0.23541425542345745 0.25336737156032146 0.2520000000915841 
0.727 0.000000000001871451005937657 0.01196590057891099 0.23127527061320838 0.25325877424597315 0.25200000008245876 
0.729 0.0000000000007433487414977457 0.010642220295006392 0.22717161903706917 0.253149978176607 0.25200000005970286 
0.731 0.000000000000291267556540742 0.00944799840514757 0.2231039777109118 0.2530410005325268 0.2520000000342873 
0.733 0.00000000000011259879924848789 0.008372716882933366 0.21907299601052996 0.25293185852269645 0.2520000000129283 
0.735 0.00000000000004295106106965109 0.007406455221968316 0.21507929571442796 0.25282256938202224 0.2519999999985049 
0.737 0.000000000000016168450523299528 0.006539886702371899 0.21112347106703658 0.25271315036863135 0.25199999999113426 
0.739 0.0000000000000060072078052709955 0.005764270538130549 0.2072060888620175 0.25260361876114623 0.25199999998937306 
0.741 0.000000000000002203137110321621 0.005071440401918278 0.20332768854530647 0.2524939918559563 0.25199999999121137 
0.743 0.0000000000000007976811868753143 0.004453789813748047 0.1994887823375257 0.2523842869644868 0.25199999999474776 
0.745 0.0000000000000002851608600526368 0.003904254864186557 0.1956898553753831 0.25227452141046425 0.251999999998542 
0.747 0.00000000000000010066452655756472 0.00341629472267162 0.19193136587166085 0.2521647125271818 0.2520000000017141 
0.749 0.00000000000000003509470749371642 0.002983870357507519 0.1882137452933812 0.25205487765476137 0.25200000000388306 
0.751 0.000000000000000012084745543946793 0.0026014218671520577 0.18453739855772638 0.2519450341374156 0.2520000000050317 
0.753 0.000000000000000004110698241200104 0.0022638447931873796 0.18090270424527408 0.2518351993207096 0.2520000000053545 
0.755 0.0000000000000000013814233291246412 0.0019664657545793193 0.17731001483010125 0.2517253905488204 0.2520000000051273 
0.757 0.0000000000000000004586922232963549 0.0017050177111188052 0.17375965692629516 0.25161562516180036 0.25200000000461903 
0.759 0.0000000000000000001505043559701286 0.0014756151318872299 0.1702519315504031 0.25150592049283654 0.25200000000404266 
0.761 0.000000000000000000048804397889536395 0.001274729312716875 0.16678711439934024 0.25139629386551526 0.2520000000035359 
0.763 0.000000000000000000015642261305192592 0.0010991640553835013 0.16336545614326736 0.25128676259108584 0.25200000000316725 
0.765 0.000000000000000000004955856105590637 0.0009460318910616316 0.15998718273294205 0.2511773439657277 0.2520000000029503 
0.767 0.0000000000000000000015522572464589626 0.0008127310017193505 0.1566524957210395 0.2510680552678182 0.2520000000028651 
0.769 0.0000000000000000000004807078785873022 0.0006969229658909036 0.1533615725969325 0.25095891375520446 0.25200000000287487 
0.771 0.00000000000000000000014720325049110996 0.000596511429844369 0.15011456713441323 0.25084993666247923 0.2520000000029407 
0.773 0.00000000000000000000004457770010437295 0.0005096217817040621 0.1469116097518371 0.25074114119825797 0.2520000000030289 
0.775 0.000000000000000000000013351402941192035 0.00043458188468739205 0.1437528078841602 0.2506325445424622 0.2520000000031148 
0.777 0.000000000000000000000003955391109664044 0.0003699039063209767 0.14063824636634317 0.2505241638436069 0.25200000000318384 
0.779 0.0000000000000000000000011591748814195134 0.0003142672633168608 0.13756798782758645 0.25041601621609233 0.25200000000323153 
0.781 0.00000000000000000000000033608460678503327 0.0002665026866864964 0.13454207309586397 0.2503081187375015 0.25200000000325706 
0.783 0.0000000000000000000000000964119729040869 0.0002255773985869162 0.13156052161221726 0.25020048844590376 0.2520000000032656 
0.785 0.00000000000000000000000002736768073425401 0.0001905813812441687 0.12862333185427385 0.25009314233716445 0.25200000000326206 
0.787 0.000000000000000000000000007687960080575839 0.00016071470897725633 0.12573048176845192 0.2499860973622609 0.25200000000325257 
0.789 0.0000000000000000000000000021374266024204413 0.00013527590672982414 0.12288192921031461 0.24987937042460578 0.25200000000324047 
0.791 0.0000000000000000000000000005881912794093245 0.00011365129247400399 0.12007761239253852 0.24977297837737866 0.25200000000322914 
0.793 0.00000000000000000000000000016022600412093359 0.00009530525624153127 0.11731745033996241 0.24966693802086415 0.2520000000032206 
0.795 0.00000000000000000000000000004320894903309054 0.00007977142521854816 0.11460134335118562 0.24956126609979917 0.25200000000321554 
0.797 0.00000000000000000000000000001153664115560532 0.0000666446621692134 0.11192917346618779 0.24945597930072944 0.25200000000321315 
0.799 0.000000000000000000000000000003049918398118978 0.00005557384328861371 0.10930080493944612 0.2493510942493741 0.252000000003214 
0.801 0.0000000000000000000000000000007984318751475267 0.00004625536129143707 0.10671608471803079 0.249246627508001 0.2520000000032159 
0.803 0.0000000000000000000000000000002069976766077472 0.000038427299989801585 0.10417484292416361 0.24914259557281054 0.2520000000032194 
0.805 0.00000000000000000000000000000005315053923458224 0.00003186422767974182 0.1016768933417314 0.24903901487133215 0.25200000000322276 
0.807 0.00000000000000000000000000000001351763218047443 0.0000263725582281982 0.09922203390625126 0.24893590175982988 0.25200000000322614 
0.809 0.000000000000000000000000000000003405492886292357 0.00002178643072750862 0.09681004719779167 0.24883327252071932 0.252000000003229 
0.811 0.000000000000000000000000000000000849925592734863 0.00001796406086884666 0.09444070093636092 0.24873114335999744 0.25200000000323136 
0.8130000000000001 0.00000000000000000000000000000000021015421863800065 0.00001478451969627862 0.09211374847928169 0.2486295304046831 0.2520000000032329 
0.8150000000000001 0.0000000000000000000000000000000000514856056452714 0.000012144898065531326 0.08982892932007906 0.24852844970027113 0.25200000000323436 
0.8170000000000001 0.000000000000000000000000000000000012498497789398225 0.000009957817882210622 0.08758596958841815 0.24842791720819807 0.25200000000323586 
0.8190000000000001 0.0000000000000000000000000000000000030066813583260904 0.000008149253978321167 0.0853845825506362 0.2483279488033226 0.25200000000323675 
0.8210000000000001 0.0000000000000000000000000000000000007168156156375479 0.000006656633257403389 0.08322446911042412 0.24822856027141868 0.25200000000323763 
0.8230000000000001 0.00000000000000000000000000000000000016937542840549433 0.000005427180459343348 0.0811053183092215 0.248129767306683 0.2520000000032383 
0.8250000000000001 0.00000000000000000000000000000000000003966872569094501 0.000004416482535199804 0.07902680782590087 0.24803158550925708 0.25200000000323886 
0.8270000000000001 0.00000000000000000000000000000000000000920942590457511 0.000003587246156145211 0.07698860447532618 0.2479340303827641 0.25200000000323974 
0.8290000000000001 0.00000000000000000000000000000000000000211950519351863 0.0000029082252906733095 0.07499036470538252 0.24783711733186037 0.252000000003241 
0.8310000000000001 0.00000000000000000000000000000000000000048359830597601975 0.000002353298057637735 0.07303173509208492 0.2477408616598043 0.25200000000324213 
0.8330000000000001 0.00000000000000000000000000000000000000010939910023307874 0.0000019006741910291294 0.07111235283238589 0.2476452785660388 0.25200000000324313 
0.835 0.00000000000000000000000000000000000000002453868910025578 0.0000015322164311152942 0.06923184623431305 0.2475503831437921 0.25200000000324463 
0.837 0.000000000000000000000000000000000000000005457919654022997 0.0000012328609843541979 0.0673898352040806 0.2474561903776947 0.25200000000324585 
0.839 0.000000000000000000000000000000000000000001203844093849669 0.0000009901238727209236 0.0655859317298303 0.24736271514141264 0.2520000000032471 
0.841 0.00000000000000000000000000000000000000000026333553029165298 0.0000007936815253107931 0.06381974036167047 0.24726997219530022 0.25200000000324774 
0.843 0.00000000000000000000000000000000000000000005713117832518124 0.0000006350153565370335 0.062090858687694164 0.2471779761840684 0.25200000000324885 
0.845 0.000000000000000000000000000000000000000000012293893508050687 0.0000005071113324669507 0.06039887780567008 0.24708674163447325 0.25200000000324996 
0.847 0.00000000000000000000000000000000000000000000262413352871865 0.00000040420665729937627 0.05874338279011344 0.2469962829530222 0.25200000000325073 
0.849 0.0000000000000000000000000000000000000000000005556354553205796 0.0000003215767237609772 0.05712395315445633 0.24690661442369902 0.25200000000325223 
0.851 0.00000000000000000000000000000000000000000000011671548432962915 0.00000025535637272850763 0.05554016330805083 0.24681775020570854 0.25200000000325334 
0.853 0.00000000000000000000000000000000000000000000002432361574626234 0.000000202390307243169 0.05399158300775066 0.24672970433124158 0.25200000000325434 
0.855 0.0000000000000000000000000000000000000000000000050293887984458975 0.00000016010821280357838 0.05247777780383095 0.2466424907032592 0.2520000000032552 
0.857 0.0000000000000000000000000000000000000000000000010318478415425198 0.00000012642075775006378 0.050998309480018725 0.2465561230932971 0.2520000000032561 
0.859 0.00000000000000000000000000000000000000000000000021006568352148322 0.00000009963319273118165 0.049552736487419445 0.246470615139292 0.25200000000325745 
0.861 0.0000000000000000000000000000000000000000000000000424383872325949 0.00000007837374433734218 0.04814061437213884 0.24638598034342798 0.2520000000032584 
0.863 0.000000000000000000000000000000000000000000000000008508478964090675 0.00000006153441221850373 0.046761496196411824 0.24630223207000457 0.252000000003259 
0.865 0.0000000000000000000000000000000000000000000000000016930078260705345 0.000000048222138115004685 0.04541493295306341 0.24621938354332681 0.2520000000032598 
0.867 0.0000000000000000000000000000000000000000000000000003343523296479357 0.00000003771862546283964 0.04410047397313972 0.24613744784561734 0.2520000000032609 
0.869 0.00000000000000000000000000000000000000000000000000006554086458744159 0.00000002944735531802946 0.04281766732655952 0.24605643791495116 0.25200000000326134 
0.871 0.000000000000000000000000000000000000000000000000000012752818554719833 0.00000002294657350513349 0.04156606021564994 0.2459763665432119 0.2520000000032625 
0.873 0.0000000000000000000000000000000000000000000000000000024632578963000385 0.000000017847219866433835 0.04034519936144202 0.24589724637407365 0.25200000000326295 
0.875 0.0000000000000000000000000000000000000000000000000000004723310277245365 0.000000013854937532889086 0.039154631382614456 0.24581908990100332 0.2520000000032638 
0.877 0.00000000000000000000000000000000000000000000000000000008991639275645285 0.000000010735442070448165 0.03799390316698596 0.24574190946528918 0.2520000000032646 
0.879 0.000000000000000000000000000000000000000000000000000000016994552230870813 0.000000008302650571655 0.03686256223546848 0.24566571725409148 0.25200000000326533 
0.881 0.0000000000000000000000000000000000000000000000000000000031891973762772943 0.000000006409072269964485 0.03576015709840538 0.2455905252985189 0.2520000000032663 
0.883 0.000000000000000000000000000000000000000000000000000000000594259309146125 0.000000004938047702796887 0.03468623760423029 0.24551634547172888 0.2520000000032668 
0.885 0.00000000000000000000000000000000000000000000000000000000010995509362461501 0.00000000379749516309815 0.03364035528039325 0.2454431894870529 0.25200000000326794 
0.887 0.000000000000000000000000000000000000000000000000000000000020203241514501318 0.0000000029148831869227145 0.03262206366651205 0.24537106889614715 0.2520000000032683 
0.889 0.000000000000000000000000000000000000000000000000000000000003686501611901767 0.000000002233197889754313 0.03163091863971737 0.24529999508716893 0.252000000003269 
0.891 0.0000000000000000000000000000000000000000000000000000000000006680616559796902 0.000000001707715613162911 0.030666478732170297 0.24522997928297832 0.25200000000326933 
0.893 0.00000000000000000000000000000000000000000000000000000000000012023979775281217 0.0000000013034258914725157 0.0297283054407417 0.24516103253936677 0.25200000000327016 
0.895 0.000000000000000000000000000000000000000000000000000000000000021494635675207763 0.0000000009929783247460168 0.02881596352885181 0.2450931657433111 0.2520000000032705 
0.897 0.0000000000000000000000000000000000000000000000000000000000000038166509833009855 0.000000000755050515374042 0.02792902132047859 0.24502638961125509 0.25200000000327133 
0.899 0.0000000000000000000000000000000000000000000000000000000000000006731710439921925 0.0000000005730536136834741 0.027067050986352183 0.2449607146874169 0.25200000000327194 
0.901 0.0000000000000000000000000000000000000000000000000000000000000001179448299858558 0.0000000004341079216492329 0.026229628822361576 0.24489615134212536 0.25200000000327255 
0.903 0.00000000000000000000000000000000000000000000000000000000000000002052875197442973 0.0000000003282340136599666 0.02541633552020823 0.24483270977018134 0.2520000000032733 
0.905 0.0000000000000000000000000000000000000000000000000000000000000000035497337088994603 0.0000000002477154471403137 0.024626756430349193 0.24477039998924963 0.25200000000327344 
0.907 0.0000000000000000000000000000000000000000000000000000000000000000006098145760171299 0.0000000001865977717359675 0.02386048181728028 0.244709231838276 0.25200000000327405 
0.909 0.00000000000000000000000000000000000000000000000000000000000000000010408487389145745 0.0000000001402955536476342 0.023117107107216903 0.244649214975935 0.2520000000032748 
0.911 0.000000000000000000000000000000000000000000000000000000000000000000017651597445997519 0.0000000001052848034713338 0.022396233128237273 0.2445903588791043 0.2520000000032754 
0.913 0.0000000000000000000000000000000000000000000000000000000000000000000029744423432436663 0.00000000007886277429155497 0.02169746634295926 0.24453267284136876 0.25200000000327527 
0.915 0.00000000000000000000000000000000000000000000000000000000000000000000049804731888966085 0.00000000005896078295700903 0.021020419073828307 0.24447616597155303 0.25200000000327616 
0.917 0.00000000000000000000000000000000000000000000000000000000000000000000008286999852320486 0.000000000043998667657355867 0.02036470972109958 0.24442084719228366 0.2520000000032771 
0.919 0.00000000000000000000000000000000000000000000000000000000000000000000001370262241017368 0.00000000003277186600774013 0.01972996297360301 0.24436672523858002 0.2520000000032775 
0.921 0.000000000000000000000000000000000000000000000000000000000000000000000002251684039612175 0.000000000024363992238037795 0.019115810012384802 0.24431380865647598 0.2520000000032785 
0.923 0.0000000000000000000000000000000000000000000000000000000000000000000000003677275592114378 0.000000000018079301786339566 0.018521888707323637 0.2442621058016698 0.2520000000032786 
0.925 0.00000000000000000000000000000000000000000000000000000000000000000000000005968665762473511 0.000000000013390631704905032 0.01794784380682393 0.24421162483820547 0.2520000000032795 
0.927 0.00000000000000000000000000000000000000000000000000000000000000000000000000962892675818328 0.000000000009899356906678761 0.017393327120692414 0.24416237373718355 0.2520000000032805 
0.929 0.000000000000000000000000000000000000000000000000000000000000000000000000001543992041153527 0.000000000007304654988342315 0.016857997696307598 0.24411436027550293 0.2520000000032807 
0.931 0.00000000000000000000000000000000000000000000000000000000000000000000000000024609092967421646 0.000000000005379966268977475 0.016341521988194725 0.24406759203463288 0.2520000000032811 
0.933 0.000000000000000000000000000000000000000000000000000000000000000000000000000038989366411755036 0.000000000003955003135147362 0.01584357402112153 0.24402207639941625 0.25200000000328143 
0.935 0.000000000000000000000000000000000000000000000000000000000000000000000000000006140634371089599 0.0000000000029020298082410754 0.01536383554683222 0.24397782055690356 0.25200000000328165 
0.937 0.0000000000000000000000000000000000000000000000000000000000000000000000000000009614198533317265 0.0000000000021254211234543414 0.014901996194538884 0.24393483149521783 0.252000000003282 
0.9390000000000001 0.00000000000000000000000000000000000000000000000000000000000000000000000000000014964487313830736 0.0000000000015537335298629412 0.01445775361529124 0.24389311600245214 0.2520000000032822 
0.9410000000000001 0.000000000000000000000000000000000000000000000000000000000000000000000000000000023156635696177594 0.0000000000011336966076959268 0.01403081362034643 0.24385268066559743 0.25200000000328276 
0.9430000000000001 0.000000000000000000000000000000000000000000000000000000000000000000000000000000003562621936197134 0.0000000000008256695484600929 0.013620890313661344 0.24381353186950258 0.2520000000032833 
0.9450000000000001 0.0000000000000000000000000000000000000000000000000000000000000000000000000000000005449545596285106 0.0000000000006002126627742763 0.013227706218630408 0.24377567579586665 0.25200000000328376 
0.9470000000000001 0.00000000000000000000000000000000000000000000000000000000000000000000000000000000008288245113570877 0.00000000000043550572137922733 0.012850992399191552 0.2437391184222626 0.25200000000328426 
0.9490000000000001 0.000000000000000000000000000000000000000000000000000000000000000000000000000000000012534064622689666 0.00000000000031540804586993355 0.012490488575422773 0.24370386552119408 0.25200000000328404 
0.9510000000000001 0.0000000000000000000000000000000000000000000000000000000000000000000000000000000000018847921699232165 0.0000000000002280038784944531 0.012145943233750962 0.2436699226591834 0.2520000000032847 
0.9530000000000001 0.00000000000000000000000000000000000000000000000000000000000000000000000000000000000028183323054780915 0.00000000000016451391780573767 0.011817113731893576 0.24363729519589344 0.25200000000328504 
0.9550000000000001 0.00000000000000000000000000000000000000000000000000000000000000000000000000000000000004190761656346617 0.00000000000011848254803208416 0.011503766398652224 0.24360598828328092 0.25200000000328554 
0.9570000000000001 0.000000000000000000000000000000000000000000000000000000000000000000000000000000000000006196985073099729 0.00000000000008517219746071194 0.011205676628675689 0.2435760068647835 0.2520000000032857 
0.9590000000000001 0.0000000000000000000000000000000000000000000000000000000000000000000000000000000000000009113164488555735 0.00000000000006111297923978925 0.010922628972307552 0.24354735567453878 0.2520000000032857 
0.961 0.00000000000000000000000000000000000000000000000000000000000000000000000000000000000000013328265605163383 0.00000000000004376849660358524 0.010654417220631545 0.24352003923663726 0.25200000000328576 
0.963 0.000000000000000000000000000000000000000000000000000000000000000000000000000000000000000019386883265280663 0.00000000000003128836338920908 0.010400844485824791 0.24349406186440836 0.25200000000328615 
0.965 0.000000000000000000000000000000000000000000000000000000000000000000000000000000000000000002804699867720826 0.000000000000022325318543318515 0.01016172327692632 0.243469427659739 0.25200000000328615 
0.967 0.00000000000000000000000000000000000000000000000000000000000000000000000000000000000000000040357365776234 0.000000000000015900354265329828 0.009936875571124939 0.24344614051242572 0.2520000000032867 
0.969 0.000000000000000000000000000000000000000000000000000000000000000000000000000000000000000000057760518776787126 0.000000000000011303457711940374 0.009726132880667057 0.243424204099562 0.25200000000328693 
0.971 0.000000000000000000000000000000000000000000000000000000000000000000000000000000000000000000008222898322652797 0.000000000000008020712793945445 0.009529336315481274 0.24340362188495607 0.25200000000328676 
0.973 0.0000000000000000000000000000000000000000000000000000000000000000000000000000000000000000000011644420664198304 0.0000000000000056808717912206384 0.009346336641612605 0.24338439711858473 0.2520000000032867 
0.975 0.000000000000000000000000000000000000000000000000000000000000000000000000000000000000000000000164030051954213 0.000000000000004016277358240485 0.009176994335554918 0.2433665328360806 0.25200000000328654 
0.977 0.000000000000000000000000000000000000000000000000000000000000000000000000000000000000000000000022985546715500692 0.000000000000002834339503736501 0.009021179634565741 0.24335003185825235 0.25200000000328676 
0.979 0.000000000000000000000000000000000000000000000000000000000000000000000000000000000000000000000003204242042609497 0.0000000000000019967598590634104 0.008878772583042946 0.24333489679063988 0.2520000000032864 
0.981 0.0000000000000000000000000000000000000000000000000000000000000000000000000000000000000000000000004443732497287822 0.0000000000000014044307950035588 0.008749663075037932 0.2433211300231023 0.2520000000032859 
0.983 0.00000000000000000000000000000000000000000000000000000000000000000000000000000000000000000000000006131059749227844 0.0000000000000009864830678923096 0.008633750892974959 0.24330873372944126 0.2520000000032859 
0.985 0.000000000000000000000000000000000000000000000000000000000000000000000000000000000000000000000000008415909299735748 0.0000000000000006923604741471692 0.00853094574264096 0.24329770986705743 0.25200000000328604 
0.987 0.0000000000000000000000000000000000000000000000000000000000000000000000000000000000000000000000000011493626740319547 0.0000000000000004860994493535291 0.008441167284504997 0.2432880601766417 0.2520000000032858 
0.989 0.00000000000000000000000000000000000000000000000000000000000000000000000000000000000000000000000000015617670144733073 0.00000000000000034221269305054696 0.008364345161420794 0.24327978618190008 0.2520000000032857 
0.991 0.000000000000000000000000000000000000000000000000000000000000000000000000000000000000000000000000000021114994535398335 0.00000000000000024273900074819607 0.008300419022760361 0.24327288918931322 0.25200000000328604 
0.993 0.0000000000000000000000000000000000000000000000000000000000000000000000000000000000000000000000000000028404941098426855 0.00000000000000017514171825291925 0.008249338545020862 0.2432673702879305 0.2520000000032861 
0.995 0.00000000000000000000000000000000000000000000000000000000000000000000000000000000000000000000000000000038023638759703984 0.00000000000000013082696208445155 0.008211063448941059 0.24326323034919772 0.2520000000032862 
0.997 0.000000000000000000000000000000000000000000000000000000000000000000000000000000000000000000000000000000050760597828981056 0.00000000000000010411849036269673 0.0081855635131578 0.2432604700268198 0.25200000000328615 
0.999 0.000000000000000000000000000000000000000000000000000000000000000000000000000000000000000000000000000000007597968230867924 0.00000000000000009157527297786029 0.008172818584426911 0.24325908975665708 0.25200000000328643 
