0
0.0196078431372549
0.0392156862745098
0.058823529411764705
0.0784313725490196
0.09803921568627451
0.11764705882352941
0.13725490196078433
0.1568627450980392
0.1764705882352941
0.19607843137254902
0.21568627450980393
0.23529411764705882
0.2549019607843137
0.27450980392156865
0.29411764705882354
0.3137254901960784
0.3333333333333333
0.3529411764705882
0.37254901960784315
0.39215686274509803
0.4117647058823529
0.43137254901960786
0.45098039215686275
0.47058823529411764
0.49019607843137253
0.5098039215686274
0.5294117647058824
0.5490196078431373
0.5686274509803921
0.5882352941176471
0.6078431372549019
0.6274509803921569
0.6470588235294118
0.6666666666666666
0.6862745098039216
0.7058823529411764
0.7254901960784313
0.7450980392156863
0.7647058823529411
0.7843137254901961
0.803921568627451
0.8235294117647058
0.8431372549019608
0.8627450980392157
0.8823529411764706
0.9019607843137255
0.9215686274509803
0.9411764705882353
0.9607843137254902
0.9803921568627451
1

0
0.0196078431372549
0.0392156862745098
0.058823529411764705
0.0784313725490196
0.09803921568627451
0.11764705882352941
0.13725490196078433
0.1568627450980392
0.1764705882352941
0.19607843137254902
0.21568627450980393
0.23529411764705882
0.2549019607843137
0.27450980392156865
0.29411764705882354
0.3137254901960784
0.3333333333333333
0.3529411764705882
0.37254901960784315
0.39215686274509803
0.4117647058823529
0.43137254901960786
0.45098039215686275
0.47058823529411764
0.49019607843137253
0.5098039215686274
0.5294117647058824
0.5490196078431373
0.5686274509803921
0.5882352941176471
0.6078431372549019
0.6274509803921569
0.6470588235294118
0.6666666666666666
0.6862745098039216
0.7058823529411764
0.7254901960784313
0.7450980392156863
0.7647058823529411
0.7843137254901961
0.803921568627451
0.8235294117647058
0.8431372549019608
0.8627450980392157
0.8823529411764706
0.9019607843137255
0.9215686274509803
0.9411764705882353
0.9607843137254902
0.9803921568627451
1

0.000000000000000000000000000000000005072008189418277
0.00000000000000000009750111859704493
0.00000000000000000019462820433859048
0.0000000000000000002910086269066022
0.00000000000000000038627255567584932
0.0000000000000000004800543461251881
0.000000000000000000571993910183178
0.0000000000000000006617380652466967
0.0000000000000000007489418566912414
0.000000000000000000833269848791041
0.0000000000000000009143973790855898
0.0000000000000000009920117713662948
0.0000000000000000010658135026120747
0.0000000000000000011355173193753409
0.0000000000000000012008532993092358
0.000000000000000001261567853732463
0.0000000000000000013174246673488536
0.0000000000000000013682055714740074
0.0000000000000000014137113473701107
0.0000000000000000014537624565513295
0.000000000000000001488199695195097
0.0000000000000000015168847700779612
0.0000000000000000015397007937475039
0.0000000000000000015565526969429155
0.0000000000000000015673675565850102
0.0000000000000000015720948379706005
0.0000000000000000015707065501249537
0.0000000000000000015631973135883632
0.000000000000000001549584340237311
0.0000000000000000015299073250661521
0.0000000000000000015042282501803119
0.0000000000000000014726311015754714
0.0000000000000000014352214995978165
0.0000000000000000013921262442968785
0.0000000000000000013434927771935714
0.0000000000000000012894885612904995
0.0000000000000000012303003814482566
0.0000000000000000011661335675390961
0.0000000000000000010972111430668557
0.000000000000000001023772902208325
0.0000000000000000009460744184852008
0.0000000000000000008643859885163976
0.00000000000000000077899151452684975
0.0000000000000000006901873295000215
0.0000000000000000005982809690563854
0.0000000000000000005035898943182395
0.00000000000000000040644017018171086
0.000000000000000000307165103558937
0.0000000000000000002061038462765779
0.00000000000000000010359996742048695
0.000000000000000000000000000000000005408727494356809
0.0000000000000000000000000000000000020971142657549352
0.00000000000000000009750111859704493
0.0037486012532504777
0.007482822158346423
0.011188336290142337
0.014850924862585517
0.0184565300317258
0.021991307581052593
0.025441678786878
0.028794381264561377
0.03203651860019381
0.03515560857691618
0.038139629810315066
0.04097706661330545
0.043656951917544824
0.046168908085706874
0.0485031854568421
0.05065069847554224
0.05260305926466772
0.054352608510961575
0.05589244354291924
0.05721644349077651
0.05831929142937182
0.05919649341589788
0.05984439434613285
0.060260190564590935
0.060441939176109204
0.0603885640186449
0.0600998582694488
0.05957648366925455
0.05881996636163599
0.057832689357182304
0.056617881644577914
0.05517960398299948
0.053522731422409785
0.05165293261028725
0.049576645955036504
0.04730105272772997
0.04483404719489028
0.04218420388569226
0.039360742107202036
0.03637348783103425
0.03323283308405989
0.029949692984500183
0.026535460572857418
0.023001959594632273
0.019361395398625126
0.015626304120788574
0.01180950032906332
0.007924023309364779
0.0039830821768737775
0.00000000000000000010434803313148571
0.00000000000000000008062723051729855
0.00000000000000000019462820433859044
0.007482822158346422
0.014936938796547132
0.022333752033549214
0.0296448788534282
0.036842257506859384
0.04389825267961198
0.05078575902427922
0.05747830265759886
0.06395014023335005
0.07017635520990599
0.07613295094204166
0.08179694023850359
0.08714643104009426
0.09216070788756177
0.09682030886435596
0.1011070977162558
0.10500433086792559
0.10849671907554696
0.11157048347472981
0.11421340580384795
0.11641487260469441
0.11816591322482284
0.11945923146905095
0.12028923077125313
0.12065203278167845
0.12054548928949908
0.11996918742502712
0.11892444811094184
0.11741431775684315
0.11544355321639685
0.1130186000511628
0.11014756416980113
0.1068401769356401
0.10310775385946123
0.09896314701772545
0.09442069135922977
0.08949614508526009
0.08420662430960395
0.07857053222522335
0.07260748302387804
0.06633822083345531
0.059784533955135756
0.052969164698722364
0.0459157151294278
0.03864854905308501
0.031192690579060132
0.02357371961105419
0.01581766462543384
0.007950893104684583
0.00000000000000000020829602340536994
0.0000000000000000001609465025875294
0.0000000000000000002910086269066021
0.011188336290142332
0.02233375203354921
0.03339348762558773
0.044325104728224755
0.05508664536163125
0.06563678915223223
0.07593500813345855
0.08594171850463835
0.09561842876487693
0.1049278836523714
0.11383420333533387
0.12230301731850322
0.13030159254902976
0.13779895522725394
0.14476600585148203
0.1511756270511946
0.1570027837901163
0.16222461554912024
0.16682052012892565
0.1707722287438637
0.1740638721105041
0.1766820372685379
0.17861581490586237
0.17985683699517804
0.1803993045854613
0.1802400056282547
0.1793783227557046
0.17781623096450985
0.17555828519728772
0.17261159785016816
0.16898580627254767
0.16469303036172286
0.15974782039143773
0.15416709524907646
0.14797007129116937
0.14117818206092156
0.13381498914448037
0.12590608447450288
0.11747898442013975
0.10856301603169109
0.09918919583580278
0.08939010160304052
0.07919973753390212
0.06865339333170206
0.0577874976512025
0.046639466430272385
0.03524754662816561
0.023650655908140333
0.011888218814033461
0.0000000000000000003114454285723641
0.00000000000000000024065101749192755
0.00000000000000000038627255567584904
0.014850924862585508
0.029644878853428185
0.04432510472822474
0.05883527167776578
0.07311968649909593
0.08712350231961197
0.10079292407271226
0.11407540993579958
0.1269198679565845
0.13927684711168575
0.1510987220624017
0.16233987089615887
0.1729568451684345
0.1829085315888018
0.19215630472604608
0.20066417014092983
0.20839889739101092
0.21533014238980938
0.22143055864241987
0.22667589692123377
0.23104509298860107
0.23452034301786306
0.2370871664100501
0.23873445575048033
0.2394545136973513
0.23924307664297095
0.23809932503737152
0.2360258803134728
0.23302878840253027
0.22911748987812125
0.2243047768161936
0.2186067365075358
0.21204268220722902
0.20463507115302354
0.1964094101309596
0.1873941489117291
0.17762056192509654
0.1671226185819544
0.15593684269415478
0.14410216148092642
0.1316597446873411
0.11865283437475804
0.1051265659753242
0.09112778123230363
0.07670483367513536
0.06190738730254865
0.04678620916870943
0.031392956586125446
0.01577995967481747
0.0000000000000000004134007018359416
0.00000000000000000031943629153321373
0.0000000000000000004800543461251879
0.018456530031725794
0.03684225750685938
0.05508664536163124
0.07311968649909592
0.09087216622931381
0.10827592166834701
0.1252640971001139
0.14177139432029398
0.15773431700029814
0.17309140813174925
0.18778347963786662
0.2017538332675153
0.21494847192035738
0.22731630058739796
0.23880931613011805
0.249382785163181
0.25899540935022664
0.26760947746935415
0.2751910036543641
0.2817098512694899
0.2871398419289911
0.29145884922842163
0.29464887681137236
0.2966961204538407
0.29759101390784587
0.2973282583062596
0.29590683499183645
0.29333000169485723
0.28960527204539754
0.28474437846778095
0.2787632185660091
0.2716817851696514
0.26352408026958646
0.2543180131318679
0.24409528293562946
0.23289124633708644
0.22074477041614754
0.20769807151467318
0.19379654052581774
0.17908855524195688
0.16362528041424076
0.14746045621964896
0.1306501758713638
0.1132526531451879
0.09532798062842646
0.0769378795280164
0.058145441901576216
0.03901486619834854
0.01961118701661706
0.0000000000000000005137707751905225
0.0000000000000000003970013024751689
0.0000000000000000005719939101831778
0.02199130758105259
0.04389825267961197
0.06563678915223221
0.08712350231961194
0.10827592166834699
0.1290128299290376
0.149254567344045
0.1689233299562411
0.1879434607725229
0.2062417326825901
0.22374762204440068
0.24039357188271315
0.2561152436860596
0.2708517568302124
0.28454591470256346
0.29714441665162966
0.3085980549389552
0.3188618959267909
0.327895444793869
0.3356627931331552
0.34213274884936856
0.34727894784012564
0.35107994701246653
0.3535192982560504
0.35458560306516695
0.35427254757361987
0.3525789178392439
0.3495085952880119
0.34507053230108725
0.3392787080015126
0.33215206437019495
0.3237144228931504
0.3139943820133719
0.3030251957308268
0.2908446337627842
0.277494823743556
0.2630220760076315
0.24747669156275065
0.23091275391952112
0.21338790550144277
0.19496310941346004
0.17570239739819138
0.15567260485657064
0.13494309385360034
0.11358546507005535
0.09167325969714485
0.06928165230316957
0.04648713572896272
0.02336719909226191
0.0000000000000000006121705255538519
0.0000000000000000004730496227432834
0.0000000000000000006617380652466964
0.02544167878687799
0.05078575902427919
0.07593500813345852
0.10079292407271222
0.12526409710011388
0.149254567344045
0.17267217680861838
0.19542691446197225
0.21743125308136016
0.2386004765598827
0.2588529964154731
0.27811065628323595
0.29629902321727786
0.31334766467759706
0.3291904101312244
0.3437655962544169
0.3570162947840903
0.3688905221315879
0.3793414299400721
0.3883274758380465
0.3958125737154643
0.4017662229252941
0.4061636158919909
0.40898572368875313
0.4102193592274198
0.4098572177880764
0.40789789469953286
0.4043458800665337
0.3992115305244749
0.39251101808725003
0.38426625623826066
0.3745048034982897
0.3632597447865268
0.3505695509722001
0.33647791709372205
0.3210335797996525
0.30429011464084055
0.28630571391549947
0.26714294583843246
0.24686849587187332
0.22555289111816018
0.20327020873348364
0.18009776937699695
0.15611581676041858
0.13140718440968327
0.10605695079202747
0.08015208399893414
0.053781077207455674
0.027033576169443366
0.0000000000000000007082222180580867
0.0000000000000000005472905350507921
0.0000000000000000007489418566912417
0.028794381264561388
0.05747830265759885
0.0859417185046383
0.11407540993579958
0.14177139432029398
0.16892332995624104
0.19542691446197222
0.22118027533862147
0.2460843512031694
0.27004326222610187
0.2929646683483262
0.3147601138978079
0.3353453572773687
0.3546406844510293
0.3725712050169703
0.38906712972038915
0.40406402832900756
0.41750306686744615
0.4293312232838654
0.4395014807028779
0.4479729975024332
0.4547112535388661
0.4596881719332347
0.4628822159231066
0.46427846037674164
0.4638686376607917
0.4616511576478331
0.4576311017458991
0.451820190928299
0.444236727838037
0.4349055131366913
0.4238577363623014
0.41113084165429287
0.3967683687953313
0.3808197701099179
0.3633402038471413
0.34439030475993454
0.32403593267512376
0.30234789992716343
0.2794016786034112
0.2552770886198186
0.23005796771269232
0.20383182449446702
0.1766894757789548
0.14872466943406262
0.12003369406729031
0.0907149768912188
0.06086867115251029
0.030596234538486353
0.0000000000000000008015569209491123
0.0000000000000000006194401261802365
0.0000000000000000008332698487910416
0.03203651860019383
0.06395014023335008
0.09561842876487694
0.12691986795658453
0.15773431700029816
0.18794346077252289
0.21743125308136013
0.2460843512031694
0.27379254003914294
0.3004491442608943
0.3259514268592043
0.3502009725610448
0.3731040546367204
0.3945719836812127
0.4145214370213298
0.43287476747282
0.44956029024890287
0.46451254690340754
0.47767254527759057
0.4889879745093786
0.4984133942569161
0.5059103973845234
0.5114477454581273
0.5150014764985138
0.516554984543995
0.5160990706788622
0.5136319652899262
0.509159321420083
0.5026941791948052
0.4942569014042999
0.4838750804303783
0.4715834168124567
0.4574235698510956
0.4414439807497117
0.42369966889513533
0.4042520019751524
0.3831684407256642
0.360522259191259
0.33639224147043034
0.31086235600007156
0.284021408512876
0.2559626748755489
0.22678351508502156
0.19658496976382292
0.16547134055419213
0.133549755863129
0.1009297234571713
0.06772267144606106
0.03404147922842541
0.0000000000000000008918158866492437
0.000000000000000000689222354732516
0.0000000000000000009143973790855902
0.03515560857691619
0.07017635520990602
0.10492788365237143
0.13927684711168584
0.1730914081317493
0.20624173268259022
0.2386004765598827
0.270043262226102
0.3004491442608944
0.3297010616309646
0.35768627503920825
0.3842967876687616
0.4094297476998813
0.4329878310458687
0.4548796028283558
0.4750198561918815
0.4933299271425127
0.5097379841849661
0.5241792916269258
0.5365964455176635
0.5469395812902776
0.5551665522824577
0.5612430784192913
0.5651428644527696
0.5668476872659666
0.5663474518648406
0.5636402157968695
0.5587321818527546
0.5516376590248127
0.542378991812927
0.530986458085599
0.5174981358192665
0.5019597391531965
0.4844244243094208
0.46495256603698265
0.443611505346708
0.42047526940640734
0.39562426456644323
0.3691449435815421
0.34112944818622487
0.31167522826790095
0.28088463896316185
0.24886451707879642
0.21572573830922961
0.1815827567861518
0.1465531285538204
0.11075702061459873
0.07431670723357371
0.03735605522832949
0.0000000000000000009786518936642181
0.0000000000000000007563700887528496
0.000000000000000000992011771366296
0.03813962981031511
0.07613295094204174
0.11383420333533396
0.15109872206240182
0.18778347963786665
0.2237476220444007
0.2588529964154731
0.29296466834832624
0.32595142685920425
0.3576862750392081
0.38804690452277174
0.4169161519414494
0.44418243560322546
0.4697401707116592
0.49349016151957187
0.5153399688983545
0.5352042518960005
0.5530050819542858
0.5686722285577659
0.5821434151940232
0.5933645446154875
0.6022898925077196
0.6088822687868739
0.6131131458696483
0.6149627533819628
0.6144201388973658
0.6114831944222981
0.6061586484723177
0.5984620237107448
0.5884175602484121
0.5760581048297747
0.5614249662560976
0.5445677375202711
0.5255440852494928
0.5044195071711842
0.4812670584335177
0.4561670477244476
0.4292067042416159
0.4004798166696078
0.3700863454202543
0.3381320094856881
0.30472784934223757
0.2699897674256381
0.23403804777414158
0.1969968565055599
0.1589937248568458
0.12015901657019334
0.0806253814576224
0.040527197016374104
0.0000000000000000010617305441609025
0.0000000000000000008206261092557844
0.0000000000000000010658135026120757
0.04097706661330549
0.08179694023850367
0.12230301731850338
0.16233987089615903
0.2017538332675154
0.24039357188271324
0.278110656283236
0.31476011389780795
0.35020097256104477
0.3842967876687615
0.4169161519414494
0.4479331858326444
0.47722800669145793
0.5046871748681533
0.5302041150380293
0.5536795111116705
0.5750216731984976
0.5941468751951193
0.6109796616798321
0.6254531229093415
0.6375091368329134
0.6470985771622653
0.6541814866621053
0.6587272149558104
0.6607145202728089
0.6601316346982999
0.656976292621463
0.6512557222147412
0.642986599913642
0.6321949680031864
0.6189161155531551
0.6031944230790818
0.5850831714390056
0.5646443156067446
0.5419482240904488
0.5170733848898426
0.4901060790064314
0.46114002263751064
0.43027597929662464
0.39762134320972436
0.3632896954372292
0.3274003342671177
0.2900777815126592
0.251451266430092
0.21165418904614058
0.17082356475240992
0.12909945208314458
0.08662436564433136
0.043542676205436344
0.0000000000000000011407315122065831
0.0000000000000000008817440757989078
0.0000000000000000011355173193753422
0.04365695191754488
0.08714643104009435
0.13030159254902993
0.17295684516843468
0.21494847192035757
0.2561152436860597
0.2962990232172779
0.33534535727736864
0.37310405463672053
0.4094297476998811
0.4441824356032255
0.47722800669145804
0.5084387383585454
0.5376937723234899
0.5648795635033819
0.5898903007450433
0.6126282977819147
0.6330043528942463
0.6509380758676913
0.6663581809676339
0.6792027447735165
0.6894194278485944
0.6969656593554369
0.7018087838655457
0.7039261697522216
0.7033052786986221
0.6999436959973782
0.6938491214635053
0.6850393209281666
0.673542038426493
0.6593948693376127
0.6426450948786592
0.6233494784963097
0.6015740248387451
0.5773937021272664
0.5508921288796326
0.5221612260659486
0.49130083590210755
0.4584183086048926
0.4236280585463951
0.38705109135292376
0.34881450359466065
0.3090509568065332
0.26789812766775445
0.22549813624685927
0.18199695429054386
0.13754379559786287
0.09229049057613499
0.04639084712097018
0.0000000000000000012153497378436367
0.0000000000000000009394894503967227
0.0000000000000000012008532993092377
0.04616890808570695
0.09216070788756192
0.13779895522725416
0.182908531588802
0.2273163005873983
0.2708517568302127
0.31334766467759717
0.3546406844510295
0.39457198368121305
0.4329878310458689
0.4697401707116593
0.5046871748681534
0.5376937723234901
0.5686321511210934
0.59738223323412
0.6238321194988747
0.6478785030598516
0.6694270497168553
0.6883927436884704
0.704700197435368
0.7182839243212473
0.7290885730278744
0.7370691227833696
0.7421910386089151
0.7444303859378959
0.743773904112575
0.7402190384161231
0.7337739304516048
0.7244573668337402
0.7122986863133298
0.6973376456075256
0.6796242443610502
0.6592185098134247
0.6361902418946392
0.6106187196159077
0.5825923697626265
0.552208399032837
0.5195723908957924
0.4847978685711802
0.4480058256495857
0.40932422598846163
0.36888747462469296
0.32683586154441924
0.28331498024268276
0.23847512308932114
0.19247065559302068
0.1454593717222376
0.09760183249954249
0.04906069013457225
0.0000000000000000012852965623738825
0.0000000000000000009936403762216863
0.0000000000000000012615678537324644
0.04850318545684216
0.09682030886435605
0.14476600585148222
0.19215630472604636
0.23880931613011844
0.2845459147025639
0.3291904101312246
0.37257120501697055
0.4145214370213301
0.4548796028283561
0.49349016151957215
0.5302041150380296
0.5648795635033821
0.59738223323412
0.6275859754353523
0.6553732336203756
0.6806354779513097
0.7032736048078667
0.7231983000233524
0.7403303643628248
0.7546009999593705
0.7659520565702069
0.7743362366642037
0.7797172585058387
0.7820699765570007
0.7813804586767876
0.7776460197599248
0.7708752116160018
0.7610877690537796
0.7483145122967011
0.7325972060168159
0.7139883754339775
0.6925510800847108
0.6683586460200299
0.6414943573429891
0.6120511081443517
0.5801310160378259
0.5458449986342597
0.5093123144264732
0.4706600696824884
0.4300226930642788
0.38754137980132713
0.3433635073527996
0.29764202458859196
0.2505348166074908
0.2022040473898775
0.15281548255244995
0.10253779453308474
0.051541852584940206
0.0000000000000000013503008004441594
0.0000000000000000010439885077080052
0.0000000000000000013174246673488552
0.050650698475542294
0.10110709771625592
0.15117562705119478
0.20066417014093008
0.24938278516318133
0.29714441665162994
0.34376559625441694
0.38906712972038937
0.4328747674728205
0.47501985619188186
0.515339968898355
0.5536795111116709
0.5898903007450437
0.6238321194988748
0.6553732336203751
0.6843908820120687
0.7107717297940694
0.7344122855542905
0.7552192806565476
0.7731100091183545
0.7880126267175049
0.7998664081387551
0.8086219611284413
0.8142413967851141
0.8166984552776125
0.815978586447782
0.8120789849226652
0.8050085795297396
0.794787976978052
0.7814493599371797
0.7650363398142052
0.7456037646956328
0.7232174830857523
0.6979540642347049
0.6699004760077711
0.6391537214015462
0.6058204349620783
0.5700164405041023
0.5318662716686248
0.49150265698772794
0.4490659712500666
0.4047036550775772
0.3585696047329518
0.3108235342780443
0.26163031229510303
0.21115927546526514
0.15958352137174703
0.10707918295832868
0.05382468712682177
0.0000000000000000014101097447577635
0.000000000000000001090339788854751
0.000000000000000001368205571474009
0.05260305926466778
0.10500433086792571
0.1570027837901165
0.2083988973910111
0.25899540935022686
0.3085980549389554
0.3570162947840906
0.40406402832900795
0.4495602902489033
0.4933299271425131
0.5352042518960011
0.5750216731984981
0.6126282977819151
0.6478785030598518
0.6806354779513101
0.7107717297940697
0.7381695553795039
0.7627214742748891
0.7843306227402932
0.802911106694437
0.8183883123369218
0.830699173192291
0.8397923925039952
0.8456286200727475
0.8481805828034337
0.8474331683969444
0.8433834617973981
0.8360407341805436
0.8254263844449315
0.8115738333431424
0.7945283705650892
0.7743469552586962
0.7510979706441712
0.7248609335461603
0.6957261598324589
0.6637943869080883
0.6291763545687284
0.591992345667115
0.5523716881894389
0.5104522204754369
0.4663797214452005
0.420307307817186
0.3723948004150441
0.32280806176519716
0.2717183072822099
0.21930139242451324
0.16573707827865747
0.11120827809566672
0.05590028735801343
0.000000000000000001464490099484251
0.000000000000000001132515176717495
0.0000000000000000014137113473701112
0.0543526085109616
0.10849671907554706
0.16222461554912032
0.21533014238980955
0.2676094774693543
0.31886189592679104
0.36889052213158835
0.41750306686744654
0.46451254690340804
0.5097379841849665
0.5530050819542863
0.5941468751951199
0.6330043528942472
0.6694270497168563
0.7032736048078669
0.7344122855542908
0.7627214742748895
0.7880901159421233
0.8104181251871069
0.8296167509905151
0.8456088976204709
0.8583294005418008
0.8677252561890658
0.8737558046677532
0.8763928646233642
0.8756208196960962
0.8714366561587473
0.8638499515166684
0.8528828140302984
0.8385697733023849
0.8209576222526487
0.8001052109816993
0.7760831932027302
0.7489737260932088
0.7188701245887112
0.6858764713065435
0.6501071834471817
0.6116865381761689
0.5707481581372924
0.5274344588890292
0.4818960601898126
0.43429116318305844
0.38478489564963914
0.33354862760309684
0.28075925960094245
0.2265984862335154
0.1712520373297416
0.11490889948645339
0.057760520584449554
0.000000000000000001513228838701661
0.0000000000000000011703513072810187
0.0000000000000000014537624565513308
0.0558924435429193
0.11157048347472989
0.16682052012892581
0.22143055864242006
0.2751910036543644
0.3278954447938693
0.37934142994007247
0.4293312232838657
0.47767254527759073
0.5241792916269259
0.5686722285577662
0.6109796616798324
0.6509380758676916
0.6883927436884707
0.7231983000233528
0.755219280656548
0.7843306227402932
0.8104181251871068
0.8333788671903855
0.8531215832309749
0.8695669930899083
0.8826480855555351
0.8923103546860268
0.8985119876651503
0.9012240034695331
0.9004303417486883
0.8961279015041422
0.8883265293403972
0.8770489572473679
0.8623306900607138
0.8442198429323522
0.8227769293276138
0.7980746002473401
0.770197335551887
0.7392410884388452
0.7053128842965335
0.6685303753202979
0.6290213524376832
0.586923216240917
0.5423824087702837
0.49555380812923006
0.4466000880408713
0.3956910445754408
0.3430028923886559
0.2887175329115514
0.23302179702263878
0.1761066648130075
0.11816646512387287
0.05939805759388086
0.0000000000000000015561339864792296
0.0000000000000000012037011011189995
0.0000000000000000014881996951950987
0.05721644349077658
0.1142134058038481
0.17077222874386386
0.22667589692123385
0.28170985126948994
0.3356627931331554
0.3883274758380468
0.43950148070287814
0.48898797450937903
0.5365964455176641
0.5821434151940237
0.625453122909342
0.6663581809676343
0.7047001974353682
0.7403303643628252
0.7731100091183544
0.8029111066944368
0.8296167509905147
0.8531215832309748
0.8733321758369087
0.890167370236723
0.9035585672726711
0.9134499690372647
0.9197987711546521
0.9225753047066712
0.9217631271907204
0.9173590620860995
0.9093731867963207
0.8978287689263278
0.8827621510448204
0.8642225842722485
0.8422720112236841
0.8169847990220201
0.7884474232799615
0.7567581041283491
0.7220263955427465
0.6843727293891793
0.6439279157727664
0.6008326014289992
0.555236688045962
0.5072987125462358
0.45718519148897147
0.40506993187512147
0.3511333107516149
0.29556152611287434
0.23854582169015703
0.18028168830043012
0.12096804449658076
0.060806399319521684
0.0000000000000000015930353154937708
0.000000000000000001232434306468804
0.000000000000000001516884770077962
0.05831929142937185
0.11641487260469449
0.1740638721105042
0.23104509298860113
0.28713984192899117
0.3421327488493686
0.3958125737154646
0.4479729975024334
0.4984133942569165
0.5469395812902776
0.5933645446154878
0.6375091368329144
0.6792027447735167
0.7182839243212474
0.7546009999593704
0.7880126267175045
0.818388312336921
0.8456088976204704
0.8695669930899081
0.8901673702367233
0.9073273058222248
0.9209768778579835
0.9310592120780276
0.9375306778988561
0.9403610330515239
0.9395335162611691
0.9350448875425494
0.9269054158747775
0.9151388142136226
0.8997821219948124
0.8808855354759
0.8585121864566716
0.8327378701080235
0.8036507228259251
0.7713508512097403
0.7359499134420705
0.697570654519611
0.6563463969505852
0.6124204886933886
0.565945710262495
0.5170836430707317
0.4660040012111907
0.41288392900667054
0.3579072667691918
0.3012637873163277
0.24314840588446965
0.18376036616141467
0.12330240523155507
0.061979900286297546
0.0000000000000000016237849613677408
0.0000000000000000012564379775797095
0.0000000000000000015397007937475047
0.059196493415897916
0.11816591322482295
0.17668203726853818
0.2345203430178632
0.29145884922842175
0.34727894784012575
0.40176622292529424
0.4547112535388664
0.5059103973845237
0.555166552282458
0.6022898925077199
0.6470985771622656
0.6894194278485949
0.7290885730278744
0.7659520565702068
0.7998664081387546
0.8306991731922903
0.8583294005418006
0.8826480855555352
0.9035585672726713
0.9209768778579832
0.9348320430078827
0.9450663321012517
0.9516354570759192
0.9545087192027408
0.953669103123223
0.949113317712851
0.9408517835298639
0.9289085668074459
0.9133212601454193
0.8941408102546884
0.8714312933031491
0.8452696386047409
0.8157453015829933
0.7829598871259988
0.747026724630486
0.7080703962077504
0.6662262196928983
0.6216396882604308
0.5744658686028812
0.5248687597744203
0.47302061493733766
0.4191012283755699
0.36329719025543883
0.30580111171903723
0.24681082298989587
0.1865285472533918
0.12516005314560816
0.06291378874388225
0.000000000000000001648257950219874
0.0000000000000000012756168864298155
0.0000000000000000015565526969429163
0.05984439434613288
0.11945923146905103
0.17861581490586254
0.2370871664100501
0.29464887681137225
0.3510799470124664
0.4061636158919913
0.4596881719332351
0.5114477454581278
0.5612430784192913
0.6088822687868741
0.6541814866621058
0.6969656593554369
0.7370691227833696
0.7743362366642033
0.8086219611284402
0.8397923925039945
0.8677252561890656
0.8923103546860264
0.9134499690372644
0.9310592120780268
0.9450663321012511
0.9554129657144301
0.962054338858081
0.964959415148592
0.9641109909044241
0.9595057364130192
0.9511541831956349
0.9390806572278148
0.9233231582736037
0.903933185691107
0.8809755112647618
0.8545278998149576
0.8246807785276177
0.7915368561341991
0.7552106932555012
0.7158282253999253
0.6735262402775415
0.6284518112548271
0.5807616889303845
0.5306216529587117
0.47820582638644293
0.4236959548928532
0.36728065344322686
0.30915462296953483
0.24951783978735034
0.18857472054080693
0.12653326553850405
0.06360418340251328
0.0000000000000000016663526372285023
0.0000000000000000012898938661494803
0.0000000000000000015673675565850113
0.060260190564590976
0.12028923077125316
0.17985683699517807
0.23873445575048033
0.29669612045384064
0.35351929825605033
0.40898572368875324
0.46288221592310663
0.515001476498514
0.5651428644527697
0.6131131458696487
0.6587272149558109
0.7018087838655457
0.7421910386089149
0.7797172585058385
0.8142413967851134
0.8456286200727469
0.8737558046677525
0.89851198766515
0.9197987711546515
0.9375306778988552
0.951635457075919
0.9620543388580807
0.9687422367882303
0.9716678971113287
0.9708139944150682
0.966177173134015
0.9577680346727856
0.9456110701058287
0.9297445386133187
0.9102202920136927
0.8871035459527433
0.8604725985060216
0.8304184971448858
0.7970446552059816
0.7604664191884375
0.7208105883818601
0.6782148885003838
0.6328274011629152
0.5848059512163875
0.5343174540466629
0.4815372251599225
0.42664825444532545
0.3698404476468649
0.3113098376781987
0.2512577685084535
0.18989005442935905
0.12741611758445534
0.06404810669953419
0.000000000000000001677991054321117
0.0000000000000000012992100847358057
0.0000000000000000015720948379706001
0.0604419391761092
0.12065203278167842
0.18039930458546125
0.23945451369735127
0.297591013907846
0.35458560306516707
0.4102193592274199
0.4642784603767416
0.5165549845439948
0.5668476872659665
0.6149627533819633
0.6607145202728091
0.7039261697522211
0.7444303859378959
0.7820699765570007
0.816698455277612
0.8481805828034332
0.8763928646233642
0.901224003469533
0.9225753047066709
0.9403610330515235
0.9545087192027408
0.9649594151485923
0.9716678971113283
0.9746028152821837
0.9737467896992646
0.9690964518210847
0.9606624315505115
0.9484692896666489
0.9325553958248493
0.9129727524869359
0.8897867653438625
0.8630759609908151
0.8329316528092309
0.7994575562005871
0.762769354502286
0.7229942170956829
0.6802702713894198
0.6347460305269291
0.58657977882441
0.5359389170939715
0.4829992701452021
0.42794435888647825
0.3709646395642636
0.3122567127839668
0.2520225050492921
0.19046842563821936
0.12780450170276902
0.064243494536654
0.0000000000000000016831191654193512
0.0000000000000000013035252478921824
0.0000000000000000015707065501249528
0.060388564018644855
0.120545489289499
0.1802400056282546
0.23924307664297081
0.2973282583062594
0.3542725475736196
0.40985721778807616
0.4638686376607915
0.5160990706788618
0.5663474518648404
0.6144201388973662
0.6601316346983003
0.7033052786986224
0.7437739041125754
0.7813804586767876
0.815978586447782
0.8474331683969443
0.8756208196960963
0.9004303417486881
0.9217631271907203
0.9395335162611692
0.953669103123223
0.9641109909044239
0.9708139944150681
0.9737467896992644
0.9728920097711728
0.9682462860893069
0.9598202355237353
0.9476383927736989
0.9317390883958333
0.9121742728050855
0.8890092868106957
0.8623225794475038
0.8322053740575693
0.7987612837677315
0.7621058776945672
0.7223661993882932
0.6796802392006704
0.6341963624280307
0.58607269523829
0.5354764705393128
0.4825833360845411
0.42757662723946854
0.3706466069488031
0.31198967554838036
0.2518075531577636
0.19030643746881043
0.12769613981236475
0.06418920243992166
0.0000000000000000016817070279833431
0.0000000000000000013028177300773122
0.0000000000000000015631973135883624
0.06009985826944876
0.11996918742502703
0.1793783227557045
0.2380993250373713
0.2959068349918363
0.3525789178392435
0.40789789469953247
0.46165115764783266
0.5136319652899256
0.5636402157968692
0.611483194422298
0.6569762926214626
0.6999436959973779
0.740219038416123
0.7776460197599244
0.8120789849226652
0.8433834617973983
0.8714366561587474
0.8961279015041421
0.9173590620860995
0.9350448875425494
0.9491133177128512
0.9595057364130195
0.9661771731340154
0.969096451821085
0.9682462860893071
0.9636233204299947
0.9552381171636307
0.9431150890968736
0.9272923780430384
0.9078216795666231
0.8847680145120702
0.8582094480742938
0.8282367573627445
0.7949530486010827
0.7584733252900888
0.7189240088413814
0.6764424133629234
0.6311761764432947
0.5832826479393448
0.5329282389201502
0.4802877330582854
0.42554356288639816
0.36888505345215883
0.31050763600725517
0.2506120344558061
0.18940342736424726
0.12709058839857515
0.06388500810627674
0.000000000000000001673748859910491
0.0000000000000000012970846330974627
0.0000000000000000015495843402373098
0.059576483669254506
0.11892444811094167
0.17781623096450974
0.23602588031347255
0.293330001694857
0.34950859528801176
0.4043458800665333
0.4576311017458986
0.5091593214200819
0.5587321818527539
0.6061586484723167
0.65125572221474
0.6938491214635047
0.733773930451604
0.7708752116160013
0.8050085795297395
0.8360407341805435
0.863849951516669
0.8883265293403976
0.9093731867963208
0.926905415874778
0.9408517835298646
0.9511541831956356
0.9577680346727862
0.9606624315505126
0.9598202355237362
0.9552381171636314
0.9469265428987682
0.9349097081643776
0.9192254168775228
0.8999249075956337
0.877072626914033
0.8507459508541717
0.82103485518734
0.7880415358279501
0.7518799806152023
0.7126754939812101
0.6705641761765482
0.625692358889744
0.578215999254467
0.5283000343859992
0.4761176987259953
0.4218498066004973
0.3656840025097343
0.3078139817687011
0.24843868420434484
0.18776146368829622
0.12598923634375678
0.06333161031209593
0.0000000000000000016592630111467468
0.000000000000000001286341771821605
0.0000000000000000015299073250661498
0.05881996636163591
0.11741431775684295
0.17555828519728753
0.23302878840252986
0.28960527204539716
0.3450705323010868
0.3992115305244742
0.4518201909282982
0.5026941791948042
0.5516376590248117
0.5984620237107435
0.6429865999136407
0.6850393209281653
0.7244573668337391
0.761087769053779
0.7947879769780518
0.8254263844449318
0.8528828140302986
0.8770489572473678
0.897828768926328
0.9151388142136231
0.9289085668074464
0.9390806572278156
0.94561107010583
0.9484692896666495
0.9476383927736998
0.9431150890968737
0.9349097081643774
0.9230461332555988
0.9075616822902887
0.8885069360666745
0.8659455143971656
0.8399538008843322
0.8106206172710589
0.7780468484864798
0.7423450196926028
0.7036388268146608
0.6620626222101833
0.6177608572966311
0.5708874841140495
0.5216053179464479
0.47008536326225314
0.41650610535901383
0.3610527702093641
0.303916555103144
0.24529383276386557
0.18538533168621393
0.12439529549542698
0.06253062417021764
0.0000000000000000016382918396588576
0.0000000000000000012706235868384115
0.0000000000000000015042282501803095
0.05783268935718222
0.11544355321639665
0.17261159785016789
0.22911748987812083
0.2847443784677805
0.3392787080015123
0.3925110180872494
0.44423672783803625
0.49425690140429895
0.5423789918129264
0.5884175602484114
0.6321949680031859
0.6735420384264924
0.7122986863133293
0.7483145122967003
0.7814493599371792
0.811573833343142
0.8385697733023851
0.8623306900607141
0.8827621510448211
0.899782121994813
0.9133212601454204
0.9233231582736039
0.9297445386133194
0.9325553958248497
0.9317390883958335
0.927292378043039
0.9192254168775233
0.9075616822902891
0.8923378597102315
0.87360367358043
0.8514216670918897
0.8258669314050915
0.7970267852783933
0.7650004062077307
0.729898414363445
0.6918424107865673
0.650964471477608
0.6074065991748195
0.5613201347748586
0.5128651304954711
0.4622096870158286
0.40952925695396186
0.3550059171508343
0.29882761232569316
0.24118737274642532
0.18228250862142528
0.12231378396642002
0.061484572732237536
0.00000000000000000161090149168664
0.0000000000000000012499829841029867
0.0000000000000000014726311015754684
0.056617881644577796
0.11301860005116261
0.16898580627254742
0.2243047768161933
0.27876321856600855
0.33215206437019423
0.38426625623825994
0.43490551313669046
0.4838750804303776
0.5309864580855982
0.5760581048297738
0.618916115553154
0.6593948693376122
0.6973376456075249
0.7325972060168159
0.7650363398142055
0.7945283705650891
0.8209576222526491
0.8442198429323525
0.8642225842722492
0.8808855354759006
0.8941408102546895
0.9039331856911083
0.910220292013694
0.9129727524869373
0.9121742728050862
0.9078216795666243
0.8999249075956344
0.8885069360666746
0.8736036735804302
0.8552637925277453
0.8335485132689421
0.8085313388430134
0.7802977411067089
0.748944799385986
0.7145807929011811
0.6773247484016959
0.6373059446151861
0.5946633752791363
0.5495451726780787
0.5021079937561642
0.45251637101057696
0.40094203049456256
0.3475631793676029
0.29256376552263147
0.23613271189463414
0.17846312811082995
0.11975150218027111
0.06019687494208153
0.0000000000000000015771815864365526
0.000000000000000001224491101834418
0.0000000000000000014352214995978144
0.0551796039829994
0.11014756416980097
0.1646930303617226
0.21860673650753554
0.2716817851696509
0.32371442289314983
0.37450480349828874
0.4238577363623004
0.4715834168124558
0.5174981358192657
0.561424966256097
0.6031944230790811
0.6426450948786585
0.6796242443610497
0.7139883754339774
0.745603764695633
0.7743469552586963
0.8001052109817002
0.8227769293276145
0.8422720112236849
0.858512186456672
0.8714312933031498
0.8809755112647634
0.8871035459527451
0.8897867653438645
0.8890092868106968
0.8847680145120715
0.8770726269140336
0.8659455143971663
0.8514216670918902
0.8335485132689423
0.8123857087969364
0.788004878362241
0.7604893093277798
0.7299335992862203
0.6964432585387431
0.6601342689025536
0.6211326004176863
0.5795736876854977
0.5356018677263208
0.4893697813904813
0.44103774049328626
0.3907730629683201
0.33874937844176667
0.28514590672074874
0.2301467117584348
0.17393993370642835
0.11671700169080965
0.058671829954489815
0.0000000000000000015372448055786686
0.000000000000000001194237005115396
0.0000000000000000013921262442968767
0.05352273142240972
0.10684017693563994
0.15974782039143745
0.2120426822072286
0.26352408026958585
0.31399438201337115
0.36325974478652595
0.411130841654292
0.45742356985109495
0.5019597391531959
0.5445677375202705
0.585083171439005
0.623349478496309
0.659218509813424
0.6925510800847104
0.7232174830857518
0.7510979706441718
0.776083193202731
0.7980746002473409
0.8169847990220211
0.832737870108025
0.8452696386047424
0.8545278998149591
0.8604725985060238
0.8630759609908163
0.8623225794475052
0.8582094480742953
0.8507459508541725
0.8399538008843326
0.8258669314050917
0.808531338843014
0.7880048783622414
0.7643570125961243
0.737668514407757
0.7080311247024719
0.6755471664873164
0.6403291165414747
0.602499136226925
0.562188563129438
0.5195373653752288
0.4746935606164378
0.42781260181698183
0.37905673209619006
0.3285943109974762
0.27659911463906794
0.22324961226960385
0.1687282217902925
0.11322054681648021
0.056914597837388815
0.0000000000000000014912263880506111
0.0000000000000000011593273088015513
0.0000000000000000013434927771935697
0.05165293261028718
0.1031077538594611
0.15416709524907626
0.20463507115302326
0.25431801313186747
0.3030251957308264
0.3505695509721996
0.39676836879533056
0.44144398074971114
0.48442442430942045
0.5255440852494925
0.5646443156067441
0.6015740248387446
0.636190241894639
0.6683586460200298
0.6979540642347044
0.7248609335461608
0.7489737260932096
0.7701973355518875
0.7884474232799622
0.8036507228259268
0.8157453015829953
0.8246807785276193
0.830418497144888
0.8329316528092323
0.8322053740575704
0.8282367573627463
0.8210348551873412
0.8106206172710599
0.7970267852783941
0.7802977411067099
0.7604893093277802
0.7376685144077572
0.7119132935213054
0.683312165944805
0.6519638601809156
0.6179769001321165
0.5814691518036968
0.5425673321764853
0.501406482045427
0.4581294047703266
0.4128860730272888
0.36583300578006545
0.3171326178049273
0.2669525441950461
0.2154649423343949
0.16284577386132507
0.10927406913534728
0.05493117667913469
0.0000000000000000014392835307266148
0.0000000000000000011198857294542785
0.0000000000000000012894885612904968
0.04957664595503641
0.09896314701772527
0.14797007129116904
0.1964094101309593
0.24409528293562913
0.2908446337627838
0.33647791709372155
0.38081977010991735
0.4236996688951349
0.46495256603698215
0.5044195071711836
0.541948224090448
0.5773937021272659
0.6106187196159072
0.6414943573429888
0.669900476007771
0.6957261598324594
0.7188701245887118
0.7392410884388458
0.7567581041283508
0.7713508512097422
0.7829598871260008
0.7915368561342004
0.797044655205983
0.7994575562005887
0.7987612837677328
0.7949530486010846
0.7880415358279521
0.778046848486481
0.7650004062077312
0.7489447993859868
0.7299335992862209
0.7080311247024719
0.6833121659448053
0.6558616670954232
0.6257743676363486
0.5931544047119293
0.5581148774492393
0.5207773749180936
0.4812714694693166
0.4397341773438528
0.3963093885939175
0.3511472684966539
0.3044036327647275
0.25623929895871056
0.20681941657319938
0.15631277829230414
0.10489111488323527
0.05272837611868707
0.0000000000000000013815946954361797
0.000000000000000001076052567038989
0.0000000000000000012303003814482553
0.04730105272772992
0.09442069135922967
0.14117818206092142
0.18739414891172898
0.2328912463370862
0.2774948237435557
0.32103357979965214
0.3633402038471409
0.4042520019751518
0.4436115053467071
0.48126705843351697
0.5170733848898418
0.5508921288796317
0.5825923697626262
0.6120511081443513
0.6391537214015461
0.6637943869080887
0.685876471306544
0.7053128842965342
0.7220263955427481
0.7359499134420721
0.7470267246304884
0.7552106932555035
0.7604664191884392
0.7627693545022872
0.7621058776945685
0.7584733252900906
0.7518799806152044
0.7423450196926046
0.729898414363446
0.714580792901182
0.6964432585387434
0.6755471664873166
0.6519638601809161
0.6257743676363486
0.5970690589732304
0.5659472662939035
0.5325168672789062
0.4968938340105766
0.4592017486955983
0.4195712881163684
0.3781396787990972
0.33505012503956416
0.2904512120682848
0.24449628675446694
0.19734281832756825
0.14915174161917008
0.100086785280608
0.050313787306373446
0.0000000000000000013183588225486377
0.0000000000000000010279841170297563
0.0000000000000000011661335675390955
0.04483404719489026
0.08949614508526005
0.13381498914448023
0.17762056192509637
0.22074477041614726
0.26302207600763133
0.30429011464084027
0.3443903047599341
0.3831684407256635
0.42047526940640634
0.45616704772444683
0.49010607900643094
0.522161226065948
0.5522083990328366
0.5801310160378256
0.605820434962078
0.6291763545687284
0.6501071834471824
0.6685303753202985
0.6843727293891804
0.697570654519613
0.708070396207752
0.7158282253999274
0.7208105883818617
0.7229942170956842
0.722366199388295
0.7189240088413832
0.712675493981212
0.7036388268146626
0.6918424107865687
0.6773247484016967
0.6601342689025534
0.6403291165414753
0.6179769001321169
0.5931544047119295
0.5659472662939034
0.5364496108337702
0.50476365868906
0.4709992960003683
0.43527361458424374
0.3977104220921539
0.3584397243605785
0.3175971820503122
0.27532354384103047
0.23176405859623422
0.18706786902215294
0.1413873893833473
0.09487766977657558
0.04769574928091661
0.0000000000000000012497944507702992
0.0000000000000000009758520132199761
0.0000000000000000010972111430668543
0.04218420388569221
0.08420662430960388
0.12590608447450274
0.16712261858195424
0.20769807151467296
0.24747669156275046
0.2863057139154991
0.3240359326751232
0.36052225919125824
0.3956242645664428
0.4292067042416153
0.46114002263751025
0.4913008359021072
0.5195723908957922
0.5458449986342596
0.5700164405041025
0.5919923456671153
0.6116865381761698
0.6290213524376843
0.6439279157727676
0.6563463969505868
0.6662262196929002
0.6735262402775436
0.6782148885003858
0.6802702713894214
0.6796802392006721
0.676442413362925
0.6705641761765496
0.6620626222101845
0.650964471477609
0.6373059446151871
0.6211326004176869
0.6024991362269254
0.5814691518036972
0.5581148774492396
0.5325168672789063
0.50476365868906
0.47495139920040946
0.4431834420096162
0.4095699117390372
0.37422724204505864
0.33727768693084825
0.29884880780910644
0.2590729385686462
0.2180866311000553
0.17603008390135955
0.133046556469416
0.08928177212929
0.04488331170788136
0.0000000000000000011761387417491965
0.0000000000000000009198425006717133
0.000000000000000001023772902208324
0.039360742107202
0.07857053222522332
0.11747898442013961
0.15593684269415464
0.19379654052581755
0.23091275391952082
0.26714294583843184
0.30234789992716277
0.33639224147042956
0.3691449435815418
0.4004798166696073
0.43027597929662426
0.45841830860489247
0.48479786857118
0.5093123144264733
0.531866271668625
0.552371688189439
0.5707481581372931
0.5869232162409181
0.6008326014290009
0.6124204886933902
0.6216396882604326
0.6284518112548284
0.6328274011629177
0.6347460305269309
0.6341963624280329
0.6311761764432962
0.6256923588897455
0.6177608572966324
0.6074065991748206
0.5946633752791374
0.5795736876854984
0.5621885631294385
0.5425673321764857
0.520777374918094
0.49689383401057685
0.47099929600036855
0.44318344200961635
0.4135426689953869
0.38217968294877597
0.34920306557324665
0.3147268161812743
0.27886987077998027
0.24175560057954262
0.20351129244030364
0.16426761404179166
0.12415806674427686
0.08331842912145396
0.04188619385358171
0.000000000000000001097646406234844
0.0000000000000000008601556359950212
0.0000000000000000009460744184851995
0.0363734878310342
0.07260748302387797
0.10856301603169095
0.1441021614809262
0.17908855524195672
0.21338790550144252
0.24686849587187287
0.2794016786034107
0.31086235600007095
0.3411294481862243
0.3700863454202536
0.3976213432097242
0.4236280585463951
0.44800582564958563
0.4706600696824887
0.491502656987728
0.5104522204754374
0.5274344588890301
0.5423824087702849
0.5552366880459638
0.5659457102624964
0.5744658686028827
0.5807616889303863
0.5848059512163891
0.5865797788244115
0.5860726952382914
0.5832826479393464
0.5782159992544685
0.5708874841140509
0.5613201347748599
0.5495451726780796
0.5356018677263215
0.5195373653752293
0.5014064820454276
0.481271469469317
0.4592017486955989
0.435273614584244
0.40956991173903723
0.3821796829487762
0.3531977913490386
0.32272451768441535
0.29086513425933763
0.2577294574287422
0.22343138080956812
0.18808839179018375
0.15182107434826173
0.11475260157666518
0.0770082215036803
0.03871473954492168
0.0000000000000000010145885253284253
0.0000000000000000007970044057369863
0.0000000000000000008643859885163958
0.03323283308405982
0.06633822083345514
0.09918919583580256
0.1316597446873409
0.16362528041424068
0.1949631094134599
0.22555289111815982
0.2552770886198181
0.2840214085128752
0.3116752282679004
0.33813200948568756
0.36328969543722894
0.3870510913529239
0.4093242259884619
0.4300226930642793
0.4490659712500672
0.466379721445201
0.4818960601898134
0.495553808129231
0.5072987125462374
0.5170836430707332
0.5248687597744217
0.5306216529587129
0.5343174540466642
0.5359389170939727
0.535476470539314
0.5329282389201514
0.5283000343860003
0.5216053179464489
0.512865130495472
0.5021079937561651
0.4893697813904818
0.4746935606164383
0.4581294047703271
0.4397341773438535
0.41957128811636896
0.3977104220921542
0.37422724204505875
0.349203065573247
0.32272451768441557
0.2948831600809085
0.2657750985155747
0.23550056987136508
0.20416351101375732
0.17187111200364183
0.13873335693900662
0.10486255644188006
0.07037287640566299
0.03537986764831661
0.000000000000000000927251254708083
0.0000000000000000007306137333140196
0.0000000000000000007789915145268486
0.029949692984500138
0.05978453395513571
0.08939010160304045
0.11865283437475793
0.14746045621964884
0.17570239739819116
0.20327020873348323
0.23005796771269194
0.2559626748755484
0.28088463896316135
0.30472784934223696
0.32740033426711757
0.3488145035946603
0.36888747462469307
0.38754137980132763
0.4047036550775775
0.4203073078171865
0.4342911631830591
0.44660008804087215
0.4571851914889727
0.46600400121119195
0.47302061493733866
0.47820582638644366
0.48153722515992353
0.4829992701452032
0.4825833360845421
0.4802877330582866
0.4761176987259964
0.47008536326225414
0.46220968701582965
0.4525163710105776
0.4410377404932868
0.4278126018169824
0.41288607302728925
0.39630938859391796
0.37813967879909766
0.3584397243605787
0.33727768693084825
0.31472681618127457
0.29086513425933785
0.2657750985155748
0.23954324356252402
0.2122598039952513
0.18401831953644887
0.15491522504981428
0.1250494288676865
0.09452188420254919
0.06343515984109199
0.031893017207737115
0.000000000000000000835934389491141
0.00000000000000000066121927545212885
0.0000000000000000006901873295000209
0.026535460572857397
0.05296916469872233
0.07919973753390197
0.10512656597532404
0.13065017587136363
0.15567260485657045
0.18009776937699667
0.20383182449446674
0.2267835150850212
0.24886451707879606
0.26998976742563774
0.290077781512659
0.309050956806533
0.3268358615444193
0.3433635073528
0.35856960473295213
0.3723948004150445
0.3847848956496397
0.3956910445754413
0.4050699318751223
0.41288392900667126
0.4191012283755705
0.4236959548928537
0.4266482544453261
0.42794435888647925
0.42757662723946943
0.4255435628863992
0.4218498066004981
0.4165061053590146
0.4095292569539625
0.4009420304945629
0.3907730629683203
0.3790567320961904
0.36583300578006583
0.35114726849665434
0.3350501250395644
0.3175971820503121
0.29884880780910655
0.2788698707799806
0.2577294574287424
0.2355005698713652
0.21225980399525127
0.18808700888321586
0.16306492875907913
0.1372788294218778
0.11081611245933398
0.08376592264586055
0.05621875683585523
0.028266085640715144
0.0000000000000000007409497481180832
0.0000000000000000005890656616556202
0.0000000000000000005982809690563849
0.02300195959463225
0.045915715129427735
0.06865339333170192
0.09112778123230351
0.11325265314518777
0.1349430938536002
0.1561158167604184
0.1766894757789545
0.19658496976382253
0.21572573830922914
0.23403804777414122
0.2514512664300916
0.26789812766775406
0.2833149802426828
0.2976420245885921
0.31082353427804466
0.3228080617651976
0.3335486276030973
0.34300289238865633
0.3511333107516157
0.3579072667691926
0.3632971902554395
0.36728065344322725
0.3698404476468651
0.37096463956426423
0.37064660694880375
0.36888505345215955
0.3656840025097349
0.3610527702093645
0.3550059171508348
0.347563179367603
0.3387493784417669
0.32859431099747627
0.3171326178049273
0.3044036327647276
0.2904512120682848
0.2753235438410305
0.2590729385686463
0.24175560057954268
0.22343138080956823
0.20416351101375743
0.18401831953644887
0.1630649287590792
0.14137493453172623
0.11902206849315372
0.09608184561318776
0.07263120219673463
0.04874813468893397
0.024511356915701776
0.00000000000000000064261929526826795
0.0000000000000000005144029290637428
0.0000000000000000005035898943182387
0.019361395398625095
0.03864854905308498
0.05778749765120249
0.07670483367513531
0.09532798062842632
0.1135854650700552
0.13140718440968313
0.14872466943406246
0.16547134055419183
0.18158275678615154
0.19699685650555945
0.21165418904614028
0.22549813624685913
0.23847512308932123
0.25053481660749094
0.26163031229510336
0.2717183072822103
0.2807592596009431
0.28871753291155194
0.29556152611287484
0.3012637873163283
0.3058011117190378
0.30915462296953505
0.31130983767819875
0.31225671278396716
0.3119896755483806
0.3105076360072556
0.3078139817687015
0.3039165551031444
0.29882761232569355
0.2925637655226316
0.28514590672074885
0.276599114639068
0.26695254419504605
0.2562392989587105
0.2444962867544668
0.23176405859623422
0.21808663110005522
0.20351129244030358
0.1880883917901838
0.17187111200364186
0.1549152250498143
0.13727882942187786
0.11902206849315376
0.10020682882365413
0.08089641830847133
0.06115522703709128
0.04104838102747208
0.020641413493588553
0.0000000000000000005412728421323578
0.0000000000000000004374765861095203
0.00000000000000000040644017018171033
0.015626304120788557
0.031192690579060094
0.04663946643027235
0.06190738730254856
0.0769378795280163
0.09167325969714475
0.10605695079202734
0.12003369406729011
0.13354975586312884
0.14655312855382022
0.15899372485684551
0.17082356475240976
0.1819969542905436
0.19247065559302068
0.20220404738987766
0.21115927546526536
0.21930139242451357
0.22659848623351575
0.23302179702263928
0.2385458216901575
0.24314840588447006
0.2468108229898962
0.2495178397873506
0.2512577685084537
0.25202250504929236
0.2518075531577638
0.25061203445580654
0.24843868420434526
0.24529383276386604
0.24118737274642565
0.23613271189463436
0.2301467117584349
0.2232496122696039
0.2154649423343948
0.20681941657319933
0.19734281832756817
0.18706786902215297
0.1760300839013595
0.16426761404179163
0.15182107434826164
0.1387333569390066
0.1250494288676865
0.110816112459334
0.09608184561318779
0.08089641830847134
0.06531068066464137
0.04937621872962669
0.03314500077565936
0.01666901857715583
0.0000000000000000004372449740801359
0.0000000000000000003584944453486593
0.0000000000000000003071651035589367
0.01180950032906331
0.023573719611054193
0.035247546628165566
0.04678620916870934
0.05814544190157611
0.06928165230316945
0.08015208399893402
0.09071497689121867
0.10092972345717116
0.11075702061459854
0.12015901657019318
0.12909945208314438
0.13754379559786267
0.1454593717222376
0.15281548255244992
0.15958352137174714
0.16573707827865766
0.17125203732974176
0.17610666481300785
0.1802816883004305
0.18376036616141497
0.18652854725339205
0.18857472054080707
0.18989005442935925
0.19046842563821956
0.19030643746881074
0.1894034273642476
0.18776146368829646
0.18538533168621418
0.1822825086214255
0.1784631281108301
0.17393993370642852
0.1687282217902925
0.16284577386132498
0.15631277829230406
0.14915174161917008
0.1413873893833473
0.13304655646941596
0.12415806674427685
0.11475260157666514
0.10486255644188001
0.09452188420254917
0.08376592264586057
0.07263120219673468
0.0611552270370913
0.04937621872962669
0.03733280603305384
0.02506364120827011
0.012606936938335101
0.0000000000000000003308703804600353
0.0000000000000000002775077007713248
0.0000000000000000002061038462765776
0.007924023309364767
0.01581766462543382
0.023650655908140288
0.0313929565861254
0.03901486619834846
0.04648713572896263
0.053781077207455584
0.060868671152510184
0.06772267144606094
0.07431670723357357
0.08062538145762235
0.08662436564433125
0.09229049057613498
0.09760183249954248
0.10253779453308474
0.10707918295832872
0.11120827809566682
0.11490889948645351
0.1181664651238731
0.12096804449658101
0.1233024052315553
0.1251600531456084
0.12653326553850425
0.1274161175844555
0.1278045017027692
0.1276961398123649
0.12709058839857534
0.1259892363437569
0.12439529549542716
0.12231378396642016
0.11975150218027121
0.11671700169080972
0.11322054681648021
0.10927406913534723
0.10489111488323517
0.10008678528060794
0.09487766977657554
0.08928177212928999
0.08331842912145394
0.07700822150368028
0.07037287640566293
0.06343515984109196
0.05621875683585524
0.04874813468893398
0.04104838102747209
0.03314500077565936
0.02506364120827011
0.016829685691546078
0.00846761168542056
0.0000000000000000002224754371571426
0.00000000000000000019397383294678715
0.00000000000000000010359996742048677
0.003983082176873771
0.00795089310468457
0.01188821881403344
0.01577995967481744
0.01961118701661702
0.023367199092261867
0.02703357616944331
0.030596234538486325
0.03404147922842533
0.03735605522832942
0.040527197016374056
0.0435426762054363
0.046390847120970156
0.04906069013457222
0.05154185258494021
0.053824687126821806
0.05590028735801348
0.05776052058444964
0.05939805759388097
0.0608063993195218
0.06197990028629761
0.06291378874388236
0.06360418340251338
0.06404810669953429
0.06424349453665408
0.06418920243992175
0.06388500810627681
0.06333161031209601
0.06253062417021772
0.061484572732237605
0.06019687494208157
0.05867182995448987
0.05691459783738884
0.054931176679134684
0.05272837611868705
0.05031378730637342
0.0476957492809166
0.04488331170788134
0.04188619385358168
0.03871473954492166
0.0353798676483166
0.0318930172077371
0.028266085640715147
0.024511356915701787
0.020641413493588553
0.016669018577155838
0.012606936938335103
0.00846761168542056
0.004262457543309593
0.0000000000000000001123598144540064
0.0000000000000000001051363465840789
0.0000000000000000000000000000000000054087274943568004
0.00000000000000000010434803313148557
0.00000000000000000020829602340536955
0.0000000000000000003114454285723636
0.00000000000000000041340070183594087
0.0000000000000000005137707751905213
0.0000000000000000006121705255538506
0.0000000000000000007082222180580851
0.0000000000000000008015569209491116
0.0000000000000000008918158866492416
0.0000000000000000009786518936642162
0.0000000000000000010617305441609013
0.000000000000000001140731512206582
0.000000000000000001215349737843636
0.0000000000000000012852965623738817
0.0000000000000000013503008004441594
0.0000000000000000014101097447577645
0.0000000000000000014644900994842522
0.0000000000000000015132288387016632
0.0000000000000000015561339864792325
0.000000000000000001593035315493774
0.0000000000000000016237849613677425
0.0000000000000000016482579502198769
0.0000000000000000016663526372285049
0.0000000000000000016779910543211195
0.0000000000000000016831191654193535
0.0000000000000000016817070279833456
0.0000000000000000016737488599104926
0.000000000000000001659263011146749
0.0000000000000000016382918396588596
0.000000000000000001610901491686642
0.0000000000000000015771815864365536
0.00000000000000000153724480557867
0.0000000000000000014912263880506117
0.0000000000000000014392835307266148
0.0000000000000000013815946954361792
0.0000000000000000013183588225486372
0.0000000000000000012497944507702988
0.000000000000000001176138741749196
0.0000000000000000010976464062348433
0.0000000000000000010145885253284245
0.0000000000000000009272512547080829
0.0000000000000000008359343894911407
0.0000000000000000007409497481180833
0.0000000000000000006426192952682681
0.0000000000000000005412728421323578
0.000000000000000000437244974080136
0.0000000000000000003308703804600353
0.0000000000000000002224754371571426
0.0000000000000000001123598144540064
0.0000000000000000000007480657109987861
0.0000000000000000000000000000000000042421997527631356
0.000000000000000000000000000000000002097114265754933
0.00000000000000000008062723051729841
0.00000000000000000016094650258752915
0.00000000000000000024065101749192706
0.00000000000000000031943629153321344
0.00000000000000000039700130247516844
0.0000000000000000004730496227432831
0.00000000000000000054729053505079185
0.000000000000000000619440126180236
0.0000000000000000006892223547325151
0.0000000000000000007563700887528487
0.0000000000000000008206261092557844
0.0000000000000000008817440757989074
0.000000000000000000939489450396722
0.000000000000000000993640376221687
0.0000000000000000010439885077080052
0.0000000000000000010903397888547506
0.0000000000000000011325151767174953
0.00000000000000000117035130728102
0.0000000000000000012037011011190008
0.0000000000000000012324343064688053
0.0000000000000000012564379775797101
0.0000000000000000012756168864298168
0.0000000000000000012898938661494818
0.0000000000000000012992100847358064
0.0000000000000000013035252478921831
0.0000000000000000013028177300773131
0.0000000000000000012970846330974633
0.0000000000000000012863417718216058
0.0000000000000000012706235868384125
0.0000000000000000012499829841029876
0.0000000000000000012244911018344191
0.0000000000000000011942370051153963
0.0000000000000000011593273088015517
0.0000000000000000011198857294542794
0.0000000000000000010760525670389889
0.0000000000000000010279841170297564
0.0000000000000000009758520132199763
0.0000000000000000009198425006717133
0.0000000000000000008601556359950212
0.000000000000000000797004405736986
0.00000000000000000073061373331401935
0.00000000000000000066121927545212885
0.0000000000000000005890656616556202
0.0000000000000000005144029290637428
0.0000000000000000004374765861095202
0.00000000000000000035849444534865923
0.0000000000000000002775077007713248
0.00000000000000000019397383294678715
0.0000000000000000001051363465840789
0.0000000000000000000000000000000000042421997527631356
0.00000000000000000000000000000000003057560920267202
